wl	n
0.252	1.523846
0.254	1.522945
0.256	1.522066
0.258	1.521208
0.260	1.520370
0.262	1.519552
0.264	1.518753
0.266	1.517972
0.268	1.517209
0.270	1.516463
0.272	1.515734
0.274	1.515021
0.276	1.514325
0.278	1.513643
0.280	1.512977
0.282	1.512325
0.284	1.511687
0.286	1.511063
0.288	1.510452
0.290	1.509854
0.292	1.509268
0.294	1.508695
0.296	1.508134
0.298	1.507584
0.300	1.507046
0.302	1.506518
0.304	1.506002
0.306	1.505495
0.308	1.504999
0.310	1.504512
0.312	1.504035
0.314	1.503568
0.316	1.503109
0.318	1.502660
0.320	1.502219
0.322	1.501786
0.324	1.501361
0.326	1.500945
0.328	1.500536
0.330	1.500135
0.332	1.499742
0.334	1.499355
0.336	1.498976
0.338	1.498603
0.340	1.498238
0.342	1.497878
0.344	1.497525
0.346	1.497179
0.348	1.496838
0.350	1.496504
0.352	1.496175
0.354	1.495852
0.356	1.495534
0.358	1.495222
0.360	1.494915
0.362	1.494613
0.364	1.494316
0.366	1.494025
0.368	1.493738
0.370	1.493455
0.372	1.493177
0.374	1.492904
0.376	1.492635
0.378	1.492370
0.380	1.492110
0.382	1.491854
0.384	1.491601
0.386	1.491353
0.388	1.491108
0.390	1.490867
0.392	1.490629
0.394	1.490396
0.396	1.490165
0.398	1.489938
0.400	1.489714
0.402	1.489494
0.404	1.489276
0.406	1.489062
0.408	1.488850
0.410	1.488641
0.412	1.488435
0.414	1.488231
0.416	1.488031
0.418	1.487833
0.420	1.487638
0.422	1.487446
0.424	1.487256
0.426	1.487069
0.428	1.486884
0.430	1.486702
0.432	1.486522
0.434	1.486345
0.436	1.486170
0.438	1.485997
0.440	1.485827
0.442	1.485659
0.444	1.485493
0.446	1.485329
0.448	1.485167
0.450	1.485008
0.452	1.484851
0.454	1.484695
0.456	1.484542
0.458	1.484390
0.460	1.484241
0.462	1.484094
0.464	1.483948
0.466	1.483804
0.468	1.483662
0.470	1.483522
0.472	1.483383
0.474	1.483247
0.476	1.483111
0.478	1.482978
0.480	1.482846
0.482	1.482716
0.484	1.482588
0.486	1.482461
0.488	1.482335
0.490	1.482211
0.492	1.482089
0.494	1.481968
0.496	1.481848
0.498	1.481730
0.500	1.481613
0.502	1.481498
0.504	1.481384
0.506	1.481271
0.508	1.481160
0.510	1.481050
0.512	1.480941
0.514	1.480834
0.516	1.480727
0.518	1.480622
0.520	1.480518
0.522	1.480416
0.524	1.480314
0.526	1.480214
0.528	1.480115
0.530	1.480016
0.532	1.479919
0.534	1.479823
0.536	1.479729
0.538	1.479635
0.540	1.479542
0.542	1.479450
0.544	1.479359
0.546	1.479269
0.548	1.479181
0.550	1.479093
0.552	1.479006
0.554	1.478920
0.556	1.478835
0.558	1.478751
0.560	1.478667
0.562	1.478585
0.564	1.478503
0.566	1.478423
0.568	1.478343
0.570	1.478264
0.572	1.478186
0.574	1.478108
0.576	1.478032
0.578	1.477956
0.580	1.477881
0.582	1.477807
0.584	1.477733
0.586	1.477660
0.588	1.477588
0.590	1.477517
0.592	1.477447
0.594	1.477377
0.596	1.477308
0.598	1.477239
0.600	1.477171
0.602	1.477104
0.604	1.477038
0.606	1.476972
0.608	1.476907
0.610	1.476842
0.612	1.476778
0.614	1.476715
0.616	1.476652
0.618	1.476590
0.620	1.476529
0.622	1.476468
0.624	1.476408
0.626	1.476348
0.628	1.476289
0.630	1.476230
0.632	1.476172
0.634	1.476115
0.636	1.476058
0.638	1.476001
0.640	1.475946
0.642	1.475890
0.644	1.475835
0.646	1.475781
0.648	1.475727
0.650	1.475674
0.652	1.475621
0.654	1.475568
0.656	1.475517
0.658	1.475465
0.660	1.475414
0.662	1.475364
0.664	1.475314
0.666	1.475264
0.668	1.475215
0.670	1.475166
0.672	1.475118
0.674	1.475070
0.676	1.475022
0.678	1.474975
0.680	1.474929
0.682	1.474883
0.684	1.474837
0.686	1.474791
0.688	1.474746
0.690	1.474702
0.692	1.474657
0.694	1.474614
0.696	1.474570
0.698	1.474527
0.700	1.474484
0.702	1.474442
0.704	1.474400
0.706	1.474358
0.708	1.474317
0.710	1.474276
0.712	1.474235
0.714	1.474195
0.716	1.474155
0.718	1.474115
0.720	1.474076
0.722	1.474037
0.724	1.473998
0.726	1.473960
0.728	1.473922
0.730	1.473884
0.732	1.473847
0.734	1.473810
0.736	1.473773
0.738	1.473737
0.740	1.473700
0.742	1.473665
0.744	1.473629
0.746	1.473594
0.748	1.473559
0.750	1.473524
0.752	1.473489
0.754	1.473455
0.756	1.473421
0.758	1.473387
0.760	1.473354
0.762	1.473321
0.764	1.473288
0.766	1.473255
0.768	1.473223
0.770	1.473191
0.772	1.473159
0.774	1.473127
0.776	1.473096
0.778	1.473065
0.780	1.473034
0.782	1.473003
0.784	1.472973
0.786	1.472942
0.788	1.472912
0.790	1.472883
0.792	1.472853
0.794	1.472824
0.796	1.472795
0.798	1.472766
0.800	1.472737
0.802	1.472709
0.804	1.472680
0.806	1.472652
0.808	1.472625
0.810	1.472597
0.812	1.472570
0.814	1.472542
0.816	1.472515
0.818	1.472489
0.820	1.472462
0.822	1.472436
0.824	1.472409
0.826	1.472383
0.828	1.472357
0.830	1.472332
0.832	1.472306
0.834	1.472281
0.836	1.472256
0.838	1.472231
0.840	1.472206
0.842	1.472182
0.844	1.472157
0.846	1.472133
0.848	1.472109
0.850	1.472085
0.852	1.472061
0.854	1.472038
0.856	1.472014
0.858	1.471991
0.860	1.471968
0.862	1.471945
0.864	1.471922
0.866	1.471900
0.868	1.471877
0.870	1.471855
0.872	1.471833
0.874	1.471811
0.876	1.471789
0.878	1.471767
0.880	1.471746
0.882	1.471724
0.884	1.471703
0.886	1.471682
0.888	1.471661
0.890	1.471640
0.892	1.471620
0.894	1.471599
0.896	1.471579
0.898	1.471558
0.900	1.471538
0.902	1.471518
0.904	1.471498
0.906	1.471479
0.908	1.471459
0.910	1.471439
0.912	1.471420
0.914	1.471401
0.916	1.471382
0.918	1.471363
0.920	1.471344
0.922	1.471325
0.924	1.471307
0.926	1.471288
0.928	1.471270
0.930	1.471251
0.932	1.471233
0.934	1.471215
0.936	1.471197
0.938	1.471180
0.940	1.471162
0.942	1.471144
0.944	1.471127
0.946	1.471110
0.948	1.471092
0.950	1.471075
0.952	1.471058
0.954	1.471041
0.956	1.471025
0.958	1.471008
0.960	1.470991
0.962	1.470975
0.964	1.470958
0.966	1.470942
0.968	1.470926
0.970	1.470910
0.972	1.470894
0.974	1.470878
0.976	1.470862
0.978	1.470846
0.980	1.470831
0.982	1.470815
0.984	1.470800
0.986	1.470785
0.988	1.470769
0.990	1.470754
0.992	1.470739
0.994	1.470724
0.996	1.470709
0.998	1.470695
1.000	1.470680
1.002	1.470665
1.004	1.470651
1.006	1.470636
1.008	1.470622
1.010	1.470608
1.012	1.470594
1.014	1.470580
1.016	1.470566
1.018	1.470552
1.020	1.470538
1.022	1.470524
1.024	1.470510
1.026	1.470497
1.028	1.470483
1.030	1.470470
1.032	1.470456
1.034	1.470443
1.036	1.470430
1.038	1.470417
1.040	1.470404
1.042	1.470391
1.044	1.470378
1.046	1.470365
1.048	1.470352
1.050	1.470340
1.052	1.470327
1.054	1.470314
1.056	1.470302
1.058	1.470290
1.060	1.470277
1.062	1.470265
1.064	1.470253
1.066	1.470241
1.068	1.470229
1.070	1.470217
1.072	1.470205
1.074	1.470193
1.076	1.470181
1.078	1.470169
1.080	1.470158
1.082	1.470146
1.084	1.470135
1.086	1.470123
1.088	1.470112
1.090	1.470100
1.092	1.470089
1.094	1.470078
1.096	1.470067
1.098	1.470056
1.100	1.470045
1.102	1.470034
1.104	1.470023
1.106	1.470012
1.108	1.470001
1.110	1.469990
1.112	1.469980
1.114	1.469969
1.116	1.469958
1.118	1.469948
1.120	1.469937
1.122	1.469927
1.124	1.469917
1.126	1.469906
1.128	1.469896
1.130	1.469886
1.132	1.469876
1.134	1.469866
1.136	1.469856
1.138	1.469846
1.140	1.469836
1.142	1.469826
1.144	1.469816
1.146	1.469807
1.148	1.469797
1.150	1.469787
1.152	1.469778
1.154	1.469768
1.156	1.469758
1.158	1.469749
1.160	1.469740
1.162	1.469730
1.164	1.469721
1.166	1.469712
1.168	1.469702
1.170	1.469693
1.172	1.469684
1.174	1.469675
1.176	1.469666
1.178	1.469657
1.180	1.469648
1.182	1.469639
1.184	1.469630
1.186	1.469622
1.188	1.469613
1.190	1.469604
1.192	1.469595
1.194	1.469587
1.196	1.469578
1.198	1.469570
1.200	1.469561
1.202	1.469553
1.204	1.469544
1.206	1.469536
1.208	1.469528
1.210	1.469519
1.212	1.469511
1.214	1.469503
1.216	1.469495
1.218	1.469487
1.220	1.469478
1.222	1.469470
1.224	1.469462
1.226	1.469454
1.228	1.469447
1.230	1.469439
1.232	1.469431
1.234	1.469423
1.236	1.469415
1.238	1.469407
1.240	1.469400
1.242	1.469392
1.244	1.469384
1.246	1.469377
1.248	1.469369
1.250	1.469362
1.53846	1.44325
1.53941	1.44324
1.54036	1.44323
1.54131	1.44322
1.54226	1.44321
1.54321	1.44320
1.54416	1.44319
1.54512	1.44318
1.54607	1.44317
1.54703	1.44316
1.54799	1.44315
1.54895	1.44314
1.54991	1.44313
1.55087	1.44312
1.55183	1.44311
1.55280	1.44311
1.55376	1.44310
1.55473	1.44309
1.55569	1.44308
1.55666	1.44307
1.55763	1.44306
1.55860	1.44305
1.55958	1.44304
1.56055	1.44303
1.56152	1.44302
1.56250	1.44301
1.56348	1.44300
1.56446	1.44299
1.56544	1.44298
1.56642	1.44297
1.56740	1.44296
1.56838	1.44295
1.56937	1.44294
1.57035	1.44293
1.57134	1.44292
1.57233	1.44291
1.57332	1.44290
1.57431	1.44289
1.57530	1.44288
1.57629	1.44287
1.57729	1.44286
1.57828	1.44285
1.57928	1.44284
1.58028	1.44283
1.58128	1.44282
1.58228	1.44281
1.58328	1.44280
1.58428	1.44279
1.58529	1.44278
1.58629	1.44277
1.58730	1.44276
1.58831	1.44275
1.58932	1.44274
1.59033	1.44273
1.59134	1.44272
1.59236	1.44271
1.59337	1.44270
1.59439	1.44269
1.59541	1.44267
1.59642	1.44266
1.59744	1.44265
1.59847	1.44264
1.59949	1.44263
1.60051	1.44262
1.60154	1.44261
1.60256	1.44260
1.60359	1.44259
1.60462	1.44258
1.60565	1.44257
1.60668	1.44256
1.60772	1.44255
1.60875	1.44254
1.60979	1.44253
1.61082	1.44252
1.61186	1.44250
1.61290	1.44249
1.61394	1.44248
1.61499	1.44247
1.61603	1.44246
1.61708	1.44245
1.61812	1.44244
1.61917	1.44243
1.62022	1.44242
1.62127	1.44241
1.62232	1.44240
1.62338	1.44239
1.62443	1.44237
1.62549	1.44236
1.62655	1.44235
1.62760	1.44234
1.62866	1.44233
1.62973	1.44232
1.63079	1.44231
1.63185	1.44230
1.63292	1.44228
1.63399	1.44227
1.63506	1.44226
1.63613	1.44225
1.63720	1.44224
1.63827	1.44223
1.63934	1.44222
1.64042	1.44221
1.64150	1.44219
1.64258	1.44218
1.64366	1.44217
1.64474	1.44216
1.64582	1.44215
1.64690	1.44214
1.64799	1.44213
1.64908	1.44211
1.65017	1.44210
1.65125	1.44209
1.65235	1.44208
1.65344	1.44207
1.65453	1.44206
1.65563	1.44204
1.65673	1.44203
1.65782	1.44202
1.65893	1.44201
1.66003	1.44200
1.66113	1.44199
1.66223	1.44197
1.66334	1.44196
1.66445	1.44195
1.66556	1.44194
1.66667	1.44193
1.66778	1.44191
1.66889	1.44190
1.67001	1.44189
1.67112	1.44188
1.67224	1.44187
1.67336	1.44185
1.67448	1.44184
1.67560	1.44183
1.67673	1.44182
1.67785	1.44180
1.67898	1.44179
1.68011	1.44178
1.68124	1.44177
1.68237	1.44176
1.68350	1.44174
1.68464	1.44173
1.68577	1.44172
1.68691	1.44171
1.68805	1.44169
1.68919	1.44168
1.69033	1.44167
1.69147	1.44166
1.69262	1.44164
1.69377	1.44163
1.69492	1.44162
1.69607	1.44161
1.69722	1.44159
1.69837	1.44158
1.69952	1.44157
1.70068	1.44156
1.70184	1.44154
1.70300	1.44153
1.70416	1.44152
1.70532	1.44150
1.70648	1.44149
1.70765	1.44148
1.70882	1.44147
1.70999	1.44145
1.71116	1.44144
1.71233	1.44143
1.71350	1.44141
1.71468	1.44140
1.71585	1.44139
1.71703	1.44137
1.71821	1.44136
1.71939	1.44135
1.72058	1.44133
1.72176	1.44132
1.72295	1.44131
1.72414	1.44130
1.72533	1.44128
1.72652	1.44127
1.72771	1.44126
1.72891	1.44124
1.73010	1.44123
1.73130	1.44121
1.73250	1.44120
1.73370	1.44119
1.73491	1.44117
1.73611	1.44116
1.73732	1.44115
1.73853	1.44113
1.73974	1.44112
1.74095	1.44111
1.74216	1.44109
1.74338	1.44108
1.74459	1.44107
1.74581	1.44105
1.74703	1.44104
1.74825	1.44102
1.74948	1.44101
1.75070	1.44100
1.75193	1.44098
1.75316	1.44097
1.75439	1.44095
1.75562	1.44094
1.75685	1.44093
1.75809	1.44091
1.75932	1.44090
1.76056	1.44088
1.76180	1.44087
1.76305	1.44085
1.76429	1.44084
1.76554	1.44083
1.76678	1.44081
1.76803	1.44080
1.76929	1.44078
1.77054	1.44077
1.77179	1.44075
1.77305	1.44074
1.77431	1.44073
1.77557	1.44071
1.77683	1.44070
1.77809	1.44068
1.77936	1.44067
1.78063	1.44065
1.78190	1.44064
1.78317	1.44062
1.78444	1.44061
1.78571	1.44059
1.78699	1.44058
1.78827	1.44056
1.78955	1.44055
1.79083	1.44053
1.79211	1.44052
1.79340	1.44050
1.79469	1.44049
1.79598	1.44047
1.79727	1.44046
1.79856	1.44044
1.79986	1.44043
1.80115	1.44041
1.80245	1.44040
1.80375	1.44038
1.80505	1.44037
1.80636	1.44035
1.80766	1.44034
1.80897	1.44032
1.81028	1.44030
1.81159	1.44029
1.81291	1.44027
1.81422	1.44026
1.81554	1.44024
1.81686	1.44023
1.81818	1.44021
1.81951	1.44020
1.82083	1.44018
1.82216	1.44016
1.82349	1.44015
1.82482	1.44013
1.82615	1.44012
1.82749	1.44010
1.82882	1.44008
1.83016	1.44007
1.83150	1.44005
1.83284	1.44004
1.83419	1.44002
1.83554	1.44000
1.83688	1.43999
1.83824	1.43997
1.83959	1.43996
1.84094	1.43994
1.84230	1.43992
1.84366	1.43991
1.84502	1.43989
1.84638	1.43987
1.84775	1.43986
1.84911	1.43984
1.85048	1.43982
1.85185	1.43981
1.85322	1.43979
1.85460	1.43977
1.85598	1.43976
1.85736	1.43974
1.85874	1.43972
1.86012	1.43971
1.86150	1.43969
1.86289	1.43967
1.86428	1.43966
1.86567	1.43964
1.86706	1.43962
1.86846	1.43961
1.86986	1.43959
1.87126	1.43957
1.87266	1.43955
1.87406	1.43954
1.87547	1.43952
1.87688	1.43950
1.87829	1.43948
1.87970	1.43947
1.88111	1.43945
1.88253	1.43943
1.88395	1.43941
1.88537	1.43940
1.88679	1.43938
1.88822	1.43936
1.88964	1.43934
1.89107	1.43933
1.89251	1.43931
1.89394	1.43929
1.89538	1.43927
1.89681	1.43925
1.89825	1.43924
1.89970	1.43922
1.90114	1.43920
1.90259	1.43918
1.90404	1.43916
1.90549	1.43915
1.90694	1.43913
1.90840	1.43911
1.90985	1.43909
1.91131	1.43907
1.91278	1.43906
1.91424	1.43904
1.91571	1.43902
1.91718	1.43900
1.91865	1.43898
1.92012	1.43896
1.92160	1.43894
1.92308	1.43893
1.92456	1.43891
1.92604	1.43889
1.92753	1.43887
1.92901	1.43885
1.93050	1.43883
1.93199	1.43881
1.93349	1.43879
1.93498	1.43877
1.93648	1.43875
1.93798	1.43874
1.93949	1.43872
1.94099	1.43870
1.94250	1.43868
1.94401	1.43866
1.94553	1.43864
1.94704	1.43862
1.94856	1.43860
1.95008	1.43858
1.95160	1.43856
1.95313	1.43854
1.95465	1.43852
1.95618	1.43850
1.95771	1.43848
1.95925	1.43846
1.96078	1.43844
1.96232	1.43842
1.96386	1.43840
1.96541	1.43838
1.96696	1.43836
1.96850	1.43834
1.97006	1.43832
1.97161	1.43830
1.97316	1.43828
1.97472	1.43826
1.97628	1.43824
1.97785	1.43822
1.97941	1.43820
1.98098	1.43818
1.98255	1.43816
1.98413	1.43814
1.98570	1.43812
1.98728	1.43810
1.98886	1.43808
1.99045	1.43806
1.99203	1.43803
1.99362	1.43801
1.99521	1.43799
1.99681	1.43797
1.99840	1.43795
2.00000	1.43793
2.00160	1.43791
2.00321	1.43789
2.00481	1.43787
2.00642	1.43784
2.00803	1.43782
2.00965	1.43780
2.01126	1.43778
2.01288	1.43776
2.01450	1.43774
2.01613	1.43771
2.01776	1.43769
2.01939	1.43767
2.02102	1.43765
2.02265	1.43763
2.02429	1.43760
2.02593	1.43758
2.02758	1.43756
2.02922	1.43754
2.03087	1.43752
2.03252	1.43749
2.03417	1.43747
2.03583	1.43745
2.03749	1.43743
2.03915	1.43740
2.04082	1.43738
2.04248	1.43736
2.04415	1.43734
2.04583	1.43731
2.04750	1.43729
2.04918	1.43727
2.05086	1.43725
2.05255	1.43722
2.05423	1.43720
2.05592	1.43718
2.05761	1.43715
2.05931	1.43713
2.06101	1.43711
2.06271	1.43708
2.06441	1.43706
2.06612	1.43704
2.06782	1.43701
2.06954	1.43699
2.07125	1.43697
2.07297	1.43694
2.07469	1.43692
2.07641	1.43689
2.07814	1.43687
2.07987	1.43685
2.08160	1.43682
2.08333	1.43680
2.08507	1.43677
2.08681	1.43675
2.08855	1.43673
2.09030	1.43670
2.09205	1.43668
2.09380	1.43665
2.09556	1.43663
2.09732	1.43660
2.09908	1.43658
2.10084	1.43655
2.10261	1.43653
2.10438	1.43650
2.10615	1.43648
2.10793	1.43645
2.10970	1.43643
2.11149	1.43640
2.11327	1.43638
2.11506	1.43635
2.11685	1.43633
2.11864	1.43630
2.12044	1.43628
2.12224	1.43625
2.12404	1.43623
2.12585	1.43620
2.12766	1.43617
2.12947	1.43615
2.13129	1.43612
2.13311	1.43610
2.13493	1.43607
2.13675	1.43604
2.13858	1.43602
2.14041	1.43599
2.14225	1.43597
2.14408	1.43594
2.14592	1.43591
2.14777	1.43589
2.14961	1.43586
2.15146	1.43583
2.15332	1.43581
2.15517	1.43578
2.15703	1.43575
2.15889	1.43573
2.16076	1.43570
2.16263	1.43567
2.16450	1.43564
2.16638	1.43562
2.16826	1.43559
2.17014	1.43556
2.17202	1.43553
2.17391	1.43551
2.17581	1.43548
2.17770	1.43545
2.17960	1.43542
2.18150	1.43540
2.18341	1.43537
2.18531	1.43534
2.18723	1.43531
2.18914	1.43528
2.19106	1.43525
2.19298	1.43523
2.19491	1.43520
2.19684	1.43517
2.19877	1.43514
2.20070	1.43511
2.20264	1.43508
2.20459	1.43505
2.20653	1.43503
2.20848	1.43500
2.21043	1.43497
2.21239	1.43494
2.21435	1.43491
2.21631	1.43488
2.21828	1.43485
2.22025	1.43482
2.22222	1.43479
2.22420	1.43476
2.22618	1.43473
2.22816	1.43470
2.23015	1.43467
2.23214	1.43464
2.23414	1.43461
2.23614	1.43458
2.23814	1.43455
2.24014	1.43452
2.24215	1.43449
2.24417	1.43446
2.24618	1.43443
2.24820	1.43440
2.25023	1.43437
2.25225	1.43434
2.25428	1.43431
2.25632	1.43427
2.25836	1.43424
2.26040	1.43421
2.26244	1.43418
2.26449	1.43415
2.26655	1.43412
2.26860	1.43409
2.27066	1.43405
2.27273	1.43402
2.27480	1.43399
2.27687	1.43396
2.27894	1.43393
2.28102	1.43389
2.28311	1.43386
2.28519	1.43383
2.28728	1.43380
2.28938	1.43376
2.29148	1.43373
2.29358	1.43370
2.29568	1.43367
2.29779	1.43363
2.29991	1.43360
2.30203	1.43357
2.30415	1.43353
2.30627	1.43350
2.30840	1.43347
2.31054	1.43343
2.31267	1.43340
2.31481	1.43337
2.31696	1.43333
2.31911	1.43330
2.32126	1.43326
2.32342	1.43323
2.32558	1.43319
2.32775	1.43316
2.32992	1.43313
2.33209	1.43309
2.33427	1.43306
2.33645	1.43302
2.33863	1.43299
2.34082	1.43295
2.34302	1.43292
2.34522	1.43288
2.34742	1.43285
2.34962	1.43281
2.35183	1.43278
2.35405	1.43274
2.35627	1.43270
2.35849	1.43267
2.36072	1.43263
2.36295	1.43260
2.36518	1.43256
2.36742	1.43252
2.36967	1.43249
2.37192	1.43245
2.37417	1.43241
2.37643	1.43238
2.37869	1.43234
2.38095	1.43230
2.38322	1.43227
2.38550	1.43223
2.38777	1.43219
2.39006	1.43215
2.39234	1.43212
2.39464	1.43208
2.39693	1.43204
2.39923	1.43200
2.40154	1.43197
2.40385	1.43193
2.40616	1.43189
2.40848	1.43185
2.41080	1.43181
2.41313	1.43177
2.41546	1.43173
2.41779	1.43170
2.42014	1.43166
2.42248	1.43162
2.42483	1.43158
2.42718	1.43154
2.42954	1.43150
2.43191	1.43146
2.43427	1.43142
2.43665	1.43138
2.43902	1.43134
2.44141	1.43130
2.44379	1.43126
2.44618	1.43122
2.44858	1.43118
2.45098	1.43114
2.45339	1.43110
2.45580	1.43106
2.45821	1.43102
2.46063	1.43097
2.46305	1.43093
2.46548	1.43089
2.46792	1.43085
2.47036	1.43081
2.47280	1.43077
2.47525	1.43072
2.47770	1.43068
2.48016	1.43064
2.48262	1.43060
2.48509	1.43056
2.48756	1.43051
2.49004	1.43047
2.49252	1.43043
2.49501	1.43038
2.49750	1.43034
2.50000	1.43030
2.50250	1.43025
2.50501	1.43021
2.50752	1.43017
2.51004	1.43012
2.51256	1.43008
2.51509	1.43003
2.51762	1.42999
2.52016	1.42995
2.52270	1.42990
2.52525	1.42986
2.52781	1.42981
2.53036	1.42977
2.53293	1.42972
2.53550	1.42968
2.53807	1.42963
2.54065	1.42958
2.54323	1.42954
2.54582	1.42949
2.54842	1.42945
2.55102	1.42940
2.55363	1.42935
2.55624	1.42931
2.55885	1.42926
2.56148	1.42921
2.56410	1.42917
2.56674	1.42912
2.56937	1.42907
2.57202	1.42902
2.57467	1.42898
2.57732	1.42893
2.57998	1.42888
2.58264	1.42883
2.58532	1.42878
2.58799	1.42873
2.59067	1.42869
2.59336	1.42864
2.59605	1.42859
2.59875	1.42854
2.60146	1.42849
2.60417	1.42844
2.60688	1.42839
2.60960	1.42834
2.61233	1.42829
2.61506	1.42824
2.61780	1.42819
2.62055	1.42814
2.62329	1.42809
2.62605	1.42804
2.62881	1.42799
2.63158	1.42793
2.63435	1.42788
2.63713	1.42783
2.63992	1.42778
2.64271	1.42773
2.64550	1.42767
2.64831	1.42762
2.65111	1.42757
2.65393	1.42752
2.65675	1.42746
2.65957	1.42741
2.66241	1.42736
2.66525	1.42730
2.66809	1.42725
2.67094	1.42720
2.67380	1.42714
2.67666	1.42709
2.67953	1.42703
2.68240	1.42698
2.68528	1.42692
2.68817	1.42687
2.69107	1.42681
2.69397	1.42676
2.69687	1.42670
2.69978	1.42665
2.70270	1.42659
2.70563	1.42653
2.70856	1.42648
2.71150	1.42642
2.71444	1.42636
2.71739	1.42631
2.72035	1.42625
2.72331	1.42619
2.72628	1.42614
2.72926	1.42608
2.73224	1.42602
2.73523	1.42596
2.73823	1.42590
2.74123	1.42584
2.74424	1.42578
2.74725	1.42573
2.75028	1.42567
2.75330	1.42561
2.75634	1.42555
2.75938	1.42549
2.76243	1.42543
2.76549	1.42537
2.76855	1.42530
2.77162	1.42524
2.77469	1.42518
2.77778	1.42512
2.78087	1.42506
2.78396	1.42500
2.78707	1.42494
2.79018	1.42487
2.79330	1.42481
2.79642	1.42475
2.79955	1.42468
2.80269	1.42462
2.80584	1.42456
2.80899	1.42449
2.81215	1.42443
2.81532	1.42437
2.81849	1.42430
2.82167	1.42424
2.82486	1.42417
2.82805	1.42411
2.83126	1.42404
2.83447	1.42398
2.83768	1.42391
2.84091	1.42384
2.84414	1.42378
2.84738	1.42371
2.85063	1.42364
2.85388	1.42358
2.85714	1.42351
2.86041	1.42344
2.86369	1.42337
2.86697	1.42330
2.87026	1.42324
2.87356	1.42317
2.87687	1.42310
2.88018	1.42303
2.88351	1.42296
2.88684	1.42289
2.89017	1.42282
2.89352	1.42275
2.89687	1.42268
2.90023	1.42261
2.90360	1.42254
2.90698	1.42246
2.91036	1.42239
2.91375	1.42232
2.91715	1.42225
2.92056	1.42218
2.92398	1.42210
2.92740	1.42203
2.93083	1.42196
2.93427	1.42188
2.93772	1.42181
2.94118	1.42173
2.94464	1.42166
2.94811	1.42158
2.95159	1.42151
2.95508	1.42143
2.95858	1.42136
2.96209	1.42128
2.96560	1.42120
2.96912	1.42113
2.97265	1.42105
2.97619	1.42097
2.97974	1.42089
2.98329	1.42082
2.98686	1.42074
2.99043	1.42066
2.99401	1.42058
2.99760	1.42050
3.00120	1.42042
3.00481	1.42034
3.00842	1.42026
3.01205	1.42018
3.01568	1.42010
3.01932	1.42002
3.02297	1.41994
3.02663	1.41985
3.03030	1.41977
3.03398	1.41969
3.03767	1.41961
3.04136	1.41952
3.04507	1.41944
3.04878	1.41935
3.05250	1.41927
3.05623	1.41918
3.05998	1.41910
3.06373	1.41901
3.06748	1.41893
3.07125	1.41884
3.07503	1.41875
3.07882	1.41867
3.08261	1.41858
3.08642	1.41849
3.09023	1.41840
3.09406	1.41832
3.09789	1.41823
3.10174	1.41814
3.10559	1.41805
3.10945	1.41796
3.11333	1.41787
3.11721	1.41778
3.12110	1.41769
3.12500	1.41759
3.12891	1.41750
3.13283	1.41741
3.13676	1.41732
3.14070	1.41722
3.14465	1.41713
3.14861	1.41704
3.15259	1.41694
3.15657	1.41685
3.16056	1.41675
3.16456	1.41666
3.16857	1.41656
3.17259	1.41646
3.17662	1.41637
3.18066	1.41627
3.18471	1.41617
3.18878	1.41607
3.19285	1.41598
3.19693	1.41588
3.20102	1.41578
3.20513	1.41568
3.20924	1.41558
3.21337	1.41548
3.21750	1.41537
3.22165	1.41527
3.22581	1.41517
3.22997	1.41507
3.23415	1.41496
3.23834	1.41486
3.24254	1.41476
3.24675	1.41465
3.25098	1.41455
3.25521	1.41444
3.25945	1.41434
3.26371	1.41423
3.26797	1.41412
3.27225	1.41401
3.27654	1.41391
3.28084	1.41380
3.28515	1.41369
3.28947	1.41358
3.29381	1.41347
3.29815	1.41336
3.30251	1.41325
3.30688	1.41314
3.31126	1.41302
3.31565	1.41291
3.32005	1.41280
3.32447	1.41269
3.32889	1.41257
3.33333	1.41246
3.33778	1.41234
3.34225	1.41223
3.34672	1.41211
3.35121	1.41199
3.35570	1.41187
3.36022	1.41176
3.36474	1.41164
3.36927	1.41152
3.37382	1.41140
3.37838	1.41128
3.38295	1.41116
3.38753	1.41104
3.39213	1.41092
3.39674	1.41079
3.40136	1.41067
3.40599	1.41055
3.41064	1.41042
3.41530	1.41030
3.41997	1.41017
3.42466	1.41004
3.42936	1.40992
3.43407	1.40979
3.43879	1.40966
3.44353	1.40953
3.44828	1.40940
3.45304	1.40927
3.45781	1.40914
3.46260	1.40901
3.46741	1.40888
3.47222	1.40875
3.47705	1.40861
3.48189	1.40848
3.48675	1.40835
3.49162	1.40821
3.49650	1.40807
3.50140	1.40794
3.50631	1.40780
3.51124	1.40766
3.51617	1.40752
3.52113	1.40738
3.52609	1.40724
3.53107	1.40710
3.53607	1.40696
3.54108	1.40682
3.54610	1.40668
3.55114	1.40653
3.55619	1.40639
3.56125	1.40624
3.56633	1.40610
3.57143	1.40595
3.57654	1.40580
3.58166	1.40566
3.58680	1.40551
3.59195	1.40536
3.59712	1.40521
3.60231	1.40505
3.60750	1.40490
3.61272	1.40475
3.61795	1.40460
3.62319	1.40444
3.62845	1.40429
3.63372	1.40413
3.63901	1.40397
3.64431	1.40381
3.64964	1.40366
3.65497	1.40350
3.66032	1.40334
3.66569	1.40317
3.67107	1.40301
3.67647	1.40285
3.68189	1.40269
3.68732	1.40252
3.69276	1.40235
3.69822	1.40219
3.70370	1.40202
3.70920	1.40185
3.71471	1.40168
3.72024	1.40151
3.72578	1.40134
3.73134	1.40117
3.73692	1.40100
3.74251	1.40082
3.74813	1.40065
3.75375	1.40047
3.75940	1.40029
3.76506	1.40012
3.77074	1.39994
3.77644	1.39976
3.78215	1.39958
3.78788	1.39939
3.79363	1.39921
3.79939	1.39903
3.80518	1.39884
3.81098	1.39865
3.81679	1.39847
3.82263	1.39828
3.82848	1.39809
3.83436	1.39790
3.84025	1.39771
3.84615	1.39751
3.85208	1.39732
3.85802	1.39713
3.86399	1.39693
3.86997	1.39673
3.87597	1.39653
3.88199	1.39633
3.88802	1.39613
3.89408	1.39593
3.90016	1.39573
3.90625	1.39552
3.91236	1.39532
3.91850	1.39511
3.92465	1.39490
3.93082	1.39469
3.93701	1.39448
3.94322	1.39427
3.94945	1.39406
3.95570	1.39384
3.96197	1.39363
3.96825	1.39341
3.97456	1.39319
3.98089	1.39297
3.98724	1.39275
3.99361	1.39253
4.00000	1.39231
4.00641	1.39208
4.01284	1.39186
4.01929	1.39163
4.02576	1.39140
4.03226	1.39117
4.03877	1.39094
4.04531	1.39070
4.05186	1.39047
4.05844	1.39023
4.06504	1.38999
4.07166	1.38975
4.07830	1.38951
4.08497	1.38927
4.09165	1.38903
4.09836	1.38878
4.10509	1.38853
4.11184	1.38828
4.11862	1.38803
4.12541	1.38778
4.13223	1.38753
4.13907	1.38727
4.14594	1.38702
4.15282	1.38676
4.15973	1.38650
4.16667	1.38623
4.17362	1.38597
4.18060	1.38571
4.18760	1.38544
4.19463	1.38517
4.20168	1.38490
4.20875	1.38463
4.21585	1.38435
4.22297	1.38408
4.23012	1.38380
4.23729	1.38352
4.24448	1.38324
4.25170	1.38295
4.25894	1.38267
4.26621	1.38238
4.27350	1.38209
4.28082	1.38180
4.28816	1.38150
4.29553	1.38121
4.30293	1.38091
4.31034	1.38061
4.31779	1.38031
4.32526	1.38000
4.33276	1.37970
4.34028	1.37939
4.34783	1.37908
4.35540	1.37877
4.36300	1.37845
4.37063	1.37813
4.37828	1.37782
4.38596	1.37749
4.39367	1.37717
4.40141	1.37684
4.40917	1.37651
4.41696	1.37618
4.42478	1.37585
4.43262	1.37551
4.44050	1.37518
4.44840	1.37484
4.45633	1.37449
4.46429	1.37415
4.47227	1.37380
4.48029	1.37345
4.48833	1.37309
4.49640	1.37274
4.50450	1.37238
4.51264	1.37202
4.52080	1.37165
4.52899	1.37129
4.53721	1.37092
4.54545	1.37054
4.55373	1.37017
4.56204	1.36979
4.57038	1.36941
4.57875	1.36902
4.58716	1.36864
4.59559	1.36825
4.60405	1.36785
4.61255	1.36746
4.62107	1.36706
4.62963	1.36665
4.63822	1.36625
4.64684	1.36584
4.65549	1.36543
4.66418	1.36501
4.67290	1.36459
4.68165	1.36417
4.69043	1.36374
4.69925	1.36331
4.70810	1.36288
4.71698	1.36245
4.72590	1.36201
4.73485	1.36156
4.74383	1.36112
4.75285	1.36066
4.76190	1.36021
4.77099	1.35975
4.78011	1.35929
4.78927	1.35882
4.79846	1.35835
4.80769	1.35788
4.81696	1.35740
4.82625	1.35692
4.83559	1.35643
4.84496	1.35594
4.85437	1.35545
4.86381	1.35495
4.87329	1.35445
4.88281	1.35394
4.89237	1.35343
4.90196	1.35291
4.91159	1.35239
4.92126	1.35186
4.93097	1.35133
4.94071	1.35080
4.95050	1.35026
4.96032	1.34971
4.97018	1.34916
4.98008	1.34861
4.99002	1.34805
5.00000	1.34748
5.01002	1.34691
5.02008	1.34633
5.03018	1.34575
5.04032	1.34517
5.05051	1.34457
5.06073	1.34398
5.07099	1.34337
5.08130	1.34276
5.09165	1.34215
5.10204	1.34153
5.11247	1.34090
5.12295	1.34027
5.13347	1.33963
5.14403	1.33899
5.15464	1.33833
5.16529	1.33768
5.17598	1.33701
5.18672	1.33634
5.19751	1.33566
5.20833	1.33498
5.21921	1.33429
5.23013	1.33359
5.24109	1.33288
5.25210	1.33217
5.26316	1.33145
5.27426	1.33072
5.28541	1.32999
5.29661	1.32924
5.30786	1.32849
5.31915	1.32774
5.33049	1.32697
5.34188	1.32619
5.35332	1.32541
5.36481	1.32462
5.37634	1.32382
5.38793	1.32301
5.39957	1.32219
5.41126	1.32137
5.42299	1.32053
5.43478	1.31969
5.44662	1.31883
5.45852	1.31797
5.47046	1.31710
5.48246	1.31621
5.49451	1.31532
5.50661	1.31442
5.51876	1.31350
5.53097	1.31258
5.54324	1.31164
5.55556	1.31069
5.56793	1.30974
5.58036	1.30877
5.59284	1.30779
5.60538	1.30679
5.61798	1.30579
5.63063	1.30477
5.64334	1.30374
5.65611	1.30270
5.66893	1.30165
5.68182	1.30058
5.69476	1.29950
5.70776	1.29840
5.72082	1.29730
5.73394	1.29617
5.74713	1.29504
5.76037	1.29388
5.77367	1.29272
5.78704	1.29154
5.80046	1.29034
5.81395	1.28912
5.82751	1.28789
5.84112	1.28665
5.85480	1.28538
5.86854	1.28410
5.88235	1.28281
5.89623	1.28149
5.91017	1.28016
5.92417	1.27880
5.93824	1.27743
5.95238	1.27604
5.96659	1.27463
5.98086	1.27319
5.99520	1.27174
6.00962	1.27027
6.02410	1.26877
6.03865	1.26725
6.05327	1.26571
6.06796	1.26415
6.08273	1.26256
6.09756	1.26095
6.11247	1.25931
6.12745	1.25764
6.14251	1.25595
6.15764	1.25424
6.17284	1.25249
6.18812	1.25072
6.20347	1.24892
6.21891	1.24709
6.23441	1.24523
6.25000	1.24334
6.26566	1.24141
6.28141	1.23946
6.29723	1.23747
6.31313	1.23544
6.32911	1.23338
6.34518	1.23128
6.36132	1.22915
6.37755	1.22698
6.39386	1.22476
6.41026	1.22251
6.42674	1.22022
6.44330	1.21788
6.45995	1.21549
6.47668	1.21307
6.49351	1.21059
6.51042	1.20807
6.52742	1.20549
6.54450	1.20286
6.56168	1.20019
6.57895	1.19745
6.59631	1.19466
6.61376	1.19181
6.63130	1.18890
6.64894	1.18593
6.66667	1.18289
6.68449	1.17978
6.70241	1.17661
6.72043	1.17336
6.73854	1.17004
6.75676	1.16664
6.77507	1.16316
6.79348	1.15960
6.81199	1.15595
6.83060	1.15221
6.84932	1.14838
6.86813	1.14445
6.88705	1.14042
6.90608	1.13628
6.92521	1.13204
6.94444	1.12767
6.96379	1.12319
6.98324	1.11858
7.00280	1.11384
7.02247	1.10896
7.04225	1.10394
7.06215	1.09877
7.08215	1.09343
7.10227	1.08793
7.12251	1.08225
7.14286	1.07639
7.16332	1.07032
7.18391	1.06406
7.20461	1.05757
7.22543	1.05085
7.24638	1.04388
7.26744	1.03665
7.28863	1.02913
7.30994	1.02132
7.33138	1.01319
7.35294	1.00472
7.37463	0.99589
7.39645	0.98666
7.41840	0.97700
7.44048	0.96689
7.46269	0.95629
7.48503	0.94515
7.50751	0.93343
7.53012	0.92108
7.55287	0.90804
7.57576	0.89424
7.59878	0.87963
7.62195	0.86413
7.64526	0.84764
7.66871	0.83010
7.69231	0.81140
7.71605	0.79147
7.73994	0.77021
7.76398	0.74758
7.78816	0.72356
7.81250	0.69819
7.83699	0.67163
7.86164	0.64421
7.88644	0.61646
7.91139	0.58921
7.93651	0.56351
7.96178	0.54054
7.98722	0.52132
8.01282	0.50638
8.03859	0.49564
8.06452	0.48860
8.09061	0.48459
8.11688	0.48309
8.14332	0.48386
8.16993	0.48688
8.19672	0.49223
8.22368	0.49989
8.25083	0.50958
8.27815	0.52066
8.30565	0.53216
8.33333	0.54295
8.36120	0.55206
8.38926	0.55888
8.41751	0.56333
8.44595	0.56586
8.47458	0.56717
8.50340	0.56782
8.53242	0.56761
8.56164	0.56528
8.59107	0.55926
8.62069	0.54901
8.65052	0.53562
8.68056	0.52092
8.71080	0.50643
8.74126	0.49305
8.77193	0.48134
8.80282	0.47204
8.83392	0.46639
8.86525	0.46637
8.89680	0.47462
8.92857	0.49418
8.96057	0.52817
8.99281	0.57931
9.02527	0.64924
9.05797	0.73752
9.09091	0.84093
9.12409	0.95412
9.15751	1.07250
9.19118	1.19557
9.22509	1.32733
9.25926	1.47188
9.29368	1.62714
9.32836	1.78426
9.36330	1.93544
9.39850	2.08084
9.43396	2.22394
9.46970	2.35725
9.50570	2.47376
9.54198	2.58280
9.57854	2.68488
9.61538	2.76898
9.65251	2.83031
9.68992	2.87413
9.72763	2.90744
9.76563	2.93182
9.80392	2.94379
9.84252	2.93983
9.88142	2.92035
9.92063	2.88951
9.96016	2.85225
10.00000	2.81180
10.04016	2.76904
10.08065	2.72354
10.12146	2.67490
10.16260	2.62348
10.20408	2.57040
10.24590	2.51707
10.28807	2.46479
10.33058	2.41454
10.37344	2.36687
10.41667	2.32206
10.46025	2.28013
10.50420	2.24098
10.54852	2.20442
10.59322	2.17023
10.63830	2.13818
10.68376	2.10805
10.72961	2.07964
10.77586	2.05275
10.82251	2.02724
10.86957	2.00296
10.91703	1.97980
10.96491	1.95769
11.01322	1.93656
11.06195	1.91640
11.11111	1.89719
11.16071	1.87896
11.21076	1.86174
11.26126	1.84556
11.31222	1.83045
11.36364	1.81640
11.41553	1.80341
11.46789	1.79143
11.52074	1.78044
11.57407	1.77039
11.62791	1.76132
11.68224	1.75327
11.73709	1.74636
11.79245	1.74074
11.84834	1.73652
11.90476	1.73378
11.96172	1.73248
12.01923	1.73247
12.07729	1.73352
12.13592	1.73537
12.19512	1.73783
12.25490	1.74082
12.31527	1.74439
12.37624	1.74866
12.43781	1.75367
12.50000	1.75930
12.56281	1.76517
12.62626	1.77085
12.69036	1.77610
12.75510	1.78091
12.82051	1.78543
12.88660	1.78975
12.95337	1.79390
13.02083	1.79774
13.08901	1.80107
13.15789	1.80364
13.22751	1.80528
13.29787	1.80591
13.36898	1.80555
13.44086	1.80433
13.51351	1.80239
13.58696	1.79987
13.66120	1.79685
13.73626	1.79339
13.81215	1.78948
13.88889	1.78507
13.96648	1.78013
14.04494	1.77462
14.12429	1.76854
14.20455	1.76192
14.28571	1.75483

