0.2	1.927	6.73E-02
0.202	1.918	6.29E-02
0.204	1.909	5.88E-02
0.206	1.901	5.50E-02
0.208	1.893	5.15E-02
0.21	1.886	4.81E-02
0.212	1.878	4.50E-02
0.214	1.871	4.21E-02
0.216	1.864	3.93E-02
0.218	1.858	3.68E-02
0.22	1.852	3.43E-02
0.222	1.846	3.21E-02
0.224	1.84	2.99E-02
0.226	1.834	2.79E-02
0.228	1.829	2.60E-02
0.23	1.823	2.42E-02
0.232	1.818	2.26E-02
0.234	1.813	2.10E-02
0.236	1.809	1.95E-02
0.238	1.804	1.81E-02
0.24	1.8	1.68E-02
0.242	1.795	1.55E-02
0.244	1.791	1.44E-02
0.246	1.787	1.33E-02
0.248	1.783	1.22E-02
0.25	1.779	1.12E-02
0.252	1.776	1.03E-02
0.254	1.772	9.46E-03
0.256	1.768	8.64E-03
0.258	1.765	7.88E-03
0.26	1.762	7.17E-03
0.262	1.758	6.50E-03
0.264	1.755	5.87E-03
0.266	1.752	5.28E-03
0.268	1.749	4.74E-03
0.27	1.747	4.23E-03
0.272	1.744	3.76E-03
0.274	1.741	3.32E-03
0.276	1.738	2.91E-03
0.278	1.736	2.54E-03
0.28	1.733	2.20E-03
0.282	1.731	1.88E-03
0.284	1.728	1.60E-03
0.286	1.726	1.34E-03
0.288	1.724	1.10E-03
0.29	1.722	8.94E-04
0.292	1.72	7.10E-04
0.294	1.717	5.48E-04
0.296	1.715	4.09E-04
0.298	1.714	2.92E-04
0.3	1.712	1.95E-04
0.302	1.71	1.19E-04
0.304	1.708	6.19E-05
0.306	1.706	2.37E-05
0.308	1.704	3.60E-06
0.31	1.703	0
0.312	1.701	0
0.314	1.7	0
0.316	1.698	0
0.318	1.697	0
0.32	1.695	0
0.322	1.694	0
0.324	1.693	0
0.326	1.692	0
0.328	1.69	0
0.33	1.689	0
0.332	1.688	0
0.334	1.687	0
0.336	1.686	0
0.338	1.684	0
0.34	1.683	0
0.342	1.682	0
0.344	1.681	0
0.346	1.68	0
0.348	1.679	0
0.35	1.678	0
0.352	1.677	0
0.354	1.677	0
0.356	1.676	0
0.358	1.675	0
0.36	1.674	0
0.362	1.673	0
0.364	1.672	0
0.366	1.671	0
0.368	1.671	0
0.37	1.67	0
0.372	1.669	0
0.374	1.668	0
0.376	1.668	0
0.378	1.667	0
0.38	1.666	0
0.382	1.666	0
0.384	1.665	0
0.386	1.664	0
0.388	1.664	0
0.39	1.663	0
0.392	1.662	0
0.394	1.662	0
0.396	1.661	0
0.398	1.66	0
0.4	1.66	0
0.402	1.659	0
0.404	1.659	0
0.406	1.658	0
0.408	1.658	0
0.41	1.657	0
0.412	1.657	0
0.414	1.656	0
0.416	1.656	0
0.418	1.655	0
0.42	1.655	0
0.422	1.654	0
0.424	1.654	0
0.426	1.653	0
0.428	1.653	0
0.43	1.652	0
0.432	1.652	0
0.434	1.651	0
0.436	1.651	0
0.438	1.651	0
0.44	1.65	0
0.442	1.65	0
0.444	1.649	0
0.446	1.649	0
0.448	1.649	0
0.45	1.648	0
0.452	1.648	0
0.454	1.647	0
0.456	1.647	0
0.458	1.647	0
0.46	1.646	0
0.462	1.646	0
0.464	1.646	0
0.466	1.645	0
0.468	1.645	0
0.47	1.645	0
0.472	1.644	0
0.474	1.644	0
0.476	1.644	0
0.478	1.643	0
0.48	1.643	0
0.482	1.643	0
0.484	1.642	0
0.486	1.642	0
0.488	1.642	0
0.49	1.642	0
0.492	1.641	0
0.494	1.641	0
0.496	1.641	0
0.498	1.64	0
0.5	1.64	0
0.502	1.64	0
0.504	1.64	0
0.506	1.639	0
0.508	1.639	0
0.51	1.639	0
0.512	1.639	0
0.514	1.638	0
0.516	1.638	0
0.518	1.638	0
0.52	1.638	0
0.522	1.637	0
0.524	1.637	0
0.526	1.637	0
0.528	1.637	0
0.53	1.637	0
0.532	1.636	0
0.534	1.636	0
0.536	1.636	0
0.538	1.636	0
0.54	1.636	0
0.542	1.635	0
0.544	1.635	0
0.546	1.635	0
0.548	1.635	0
0.55	1.634	0
0.552	1.634	0
0.554	1.634	0
0.556	1.634	0
0.558	1.634	0
0.56	1.634	0
0.562	1.633	0
0.564	1.633	0
0.566	1.633	0
0.568	1.633	0
0.57	1.633	0
0.572	1.632	0
0.574	1.632	0
0.576	1.632	0
0.578	1.632	0
0.58	1.632	0
0.582	1.632	0
0.584	1.631	0
0.586	1.631	0
0.588	1.631	0
0.59	1.631	0
0.592	1.631	0
0.594	1.631	0
0.596	1.631	0
0.598	1.63	0
0.6	1.63	0
0.602	1.63	0
0.604	1.63	0
0.606	1.63	0
0.608	1.63	0
0.61	1.63	0
0.612	1.629	0
0.614	1.629	0
0.616	1.629	0
0.618	1.629	0
0.62	1.629	0
0.622	1.629	0
0.624	1.629	0
0.626	1.628	0
0.628	1.628	0
0.63	1.628	0
0.632	1.628	0
0.634	1.628	0
0.636	1.628	0
0.638	1.628	0
0.64	1.628	0
0.642	1.627	0
0.644	1.627	0
0.646	1.627	0
0.648	1.627	0
0.65	1.627	0
0.652	1.627	0
0.654	1.627	0
0.656	1.627	0
0.658	1.627	0
0.66	1.626	0
0.662	1.626	0
0.664	1.626	0
0.666	1.626	0
0.668	1.626	0
0.67	1.626	0
0.672	1.626	0
0.674	1.626	0
0.676	1.626	0
0.678	1.626	0
0.68	1.625	0
0.682	1.625	0
0.684	1.625	0
0.686	1.625	0
0.688	1.625	0
0.69	1.625	0
0.692	1.625	0
0.694	1.625	0
0.696	1.625	0
0.698	1.625	0
0.7	1.625	0
0.702	1.624	0
0.704	1.624	0
0.706	1.624	0
0.708	1.624	0
0.71	1.624	0
0.712	1.624	0
0.714	1.624	0
0.716	1.624	0
0.718	1.624	0
0.72	1.624	0
0.722	1.624	0
0.724	1.623	0
0.726	1.623	0
0.728	1.623	0
0.73	1.623	0
0.732	1.623	0
0.734	1.623	0
0.736	1.623	0
0.738	1.623	0
0.74	1.623	0
0.742	1.623	0
0.744	1.623	0
0.746	1.623	0
0.748	1.623	0
0.75	1.622	0
0.752	1.622	0
0.754	1.622	0
0.756	1.622	0
0.758	1.622	0
0.76	1.622	0
0.762	1.622	0
0.764	1.622	0
0.766	1.622	0
0.768	1.622	0
0.77	1.622	0
0.772	1.622	0
0.774	1.622	0
0.776	1.622	0
0.778	1.622	0
0.78	1.621	0
0.782	1.621	0
0.784	1.621	0
0.786	1.621	0
0.788	1.621	0
0.79	1.621	0
0.792	1.621	0
0.794	1.621	0
0.796	1.621	0
0.798	1.621	0
0.8	1.621	0
0.802	1.621	0
0.804	1.621	0
0.806	1.621	0
0.808	1.621	0
0.81	1.621	0
0.812	1.621	0
0.814	1.621	0
0.816	1.621	0
0.818	1.621	0
0.82	1.621	0
0.822	1.621	0
0.824	1.621	0
0.826	1.621	0
0.828	1.621	0
0.83	1.621	0
0.832	1.621	0
0.834	1.621	0
0.836	1.621	0
0.838	1.621	0
0.84	1.621	0
0.842	1.621	0
0.844	1.621	0
0.846	1.621	0
0.848	1.621	0
0.85	1.621	0
0.852	1.621	0
0.854	1.621	0
0.856	1.621	0
0.858	1.621	0
0.86	1.621	0
0.862	1.621	0
0.864	1.621	0
0.866	1.621	0
0.868	1.621	0
0.87	1.621	0
0.872	1.621	0
0.874	1.621	0
0.876	1.621	0
0.878	1.621	0
0.88	1.621	0
0.882	1.621	0
0.884	1.621	0
0.886	1.621	0
0.888	1.621	0
0.89	1.621	0
0.892	1.621	0
0.894	1.621	0
0.896	1.621	0
0.898	1.621	0
0.9	1.621	0
0.902	1.621	0
0.904	1.621	0
0.906	1.621	0
0.908	1.621	0
0.91	1.621	0
0.912	1.621	0
0.914	1.621	0
0.916	1.621	0
0.918	1.621	0
0.92	1.621	0
0.922	1.621	0
0.924	1.621	0
0.926	1.621	0
0.928	1.621	0
0.93	1.621	0
0.932	1.621	0
0.934	1.621	0
0.936	1.621	0
0.938	1.621	0
0.94	1.621	0
0.942	1.621	0
0.944	1.621	0
0.946	1.621	0
0.948	1.621	0
0.95	1.621	0
0.952	1.621	0
0.954	1.621	0
0.956	1.621	0
0.958	1.621	0
0.96	1.621	0
0.962	1.621	0
0.964	1.621	0
0.966	1.621	0
0.968	1.621	0
0.97	1.621	0
0.972	1.621	0
0.974	1.621	0
0.976	1.621	0
0.978	1.621	0
0.98	1.621	0
0.982	1.621	0
0.984	1.621	0
0.986	1.621	0
0.988	1.621	0
0.99	1.621	0
0.992	1.621	0
0.994	1.621	0
0.996	1.621	0
0.998	1.621	0
1	1.621	0
1.002	1.621	0
1.004	1.621	0
1.006	1.621	0
1.008	1.621	0
1.01	1.621	0
1.012	1.621	0
1.014	1.621	0
1.016	1.621	0
1.018	1.621	0
1.02	1.621	0
1.022	1.621	0
1.024	1.621	0
1.026	1.621	0
1.028	1.621	0
1.03	1.621	0
1.032	1.621	0
1.034	1.621	0
1.036	1.621	0
1.038	1.621	0
1.04	1.621	0
1.042	1.621	0
1.044	1.621	0
1.046	1.621	0
1.048	1.621	0
1.05	1.621	0
1.052	1.621	0
1.054	1.621	0
1.056	1.621	0
1.058	1.621	0
1.06	1.621	0
1.062	1.621	0
1.064	1.621	0
1.066	1.621	0
1.068	1.621	0
1.07	1.621	0
1.072	1.621	0
1.074	1.621	0
1.076	1.621	0
1.078	1.621	0
1.08	1.621	0
1.082	1.621	0
1.084	1.621	0
1.086	1.621	0
1.088	1.621	0
1.09	1.621	0
1.092	1.621	0
1.094	1.621	0
1.096	1.621	0
1.098	1.621	0
1.1	1.621	0
1.102	1.621	0
1.104	1.621	0
1.106	1.621	0
1.108	1.621	0
1.11	1.621	0
1.112	1.621	0
1.114	1.621	0
1.116	1.621	0
1.118	1.621	0
1.12	1.621	0
1.122	1.621	0
1.124	1.621	0
1.126	1.621	0
1.128	1.621	0
1.13	1.621	0
1.132	1.621	0
1.134	1.621	0
1.136	1.621	0
1.138	1.621	0
1.14	1.621	0
1.142	1.621	0
1.144	1.621	0
1.146	1.621	0
1.148	1.621	0
1.15	1.621	0
1.152	1.621	0
1.154	1.621	0
1.156	1.621	0
1.158	1.621	0
1.16	1.621	0
1.162	1.621	0
1.164	1.621	0
1.166	1.621	0
1.168	1.621	0
1.17	1.621	0
1.172	1.621	0
1.174	1.621	0
1.176	1.621	0
1.178	1.621	0
1.18	1.621	0
1.182	1.621	0
1.184	1.621	0
1.186	1.621	0
1.188	1.621	0
1.19	1.621	0
1.192	1.621	0
1.194	1.621	0
1.196	1.621	0
1.198	1.621	0
1.2	1.621	0
1.202	1.621	0
1.204	1.621	0
1.206	1.621	0
1.208	1.621	0
1.21	1.621	0
1.212	1.621	0
1.214	1.621	0
1.216	1.621	0
1.218	1.621	0
1.22	1.621	0
1.222	1.621	0
1.224	1.621	0
1.226	1.621	0
1.228	1.621	0
1.23	1.621	0
1.232	1.621	0
1.234	1.621	0
1.236	1.621	0
1.238	1.621	0
1.24	1.621	0
1.242	1.621	0
1.244	1.621	0
1.246	1.621	0
1.248	1.621	0
1.25	1.621	0
1.252	1.621	0
1.254	1.621	0
1.256	1.621	0
1.258	1.621	0
1.26	1.621	0
1.262	1.621	0
1.264	1.621	0
1.266	1.621	0
1.268	1.621	0
1.27	1.621	0
1.272	1.621	0
1.274	1.621	0
1.276	1.621	0
1.278	1.621	0
1.28	1.621	0
1.282	1.621	0
1.284	1.621	0
1.286	1.621	0
1.288	1.621	0
1.29	1.621	0
1.292	1.621	0
1.294	1.621	0
1.296	1.621	0
1.298	1.621	0
1.3	1.621	0
1.302	1.621	0
1.304	1.621	0
1.306	1.621	0
1.308	1.621	0
1.31	1.621	0
1.312	1.621	0
1.314	1.621	0
1.316	1.621	0
1.318	1.621	0
1.32	1.621	0
1.322	1.621	0
1.324	1.621	0
1.326	1.621	0
1.328	1.621	0
1.33	1.621	0
1.332	1.621	0
1.334	1.621	0
1.336	1.621	0
1.338	1.621	0
1.34	1.621	0
1.342	1.621	0
1.344	1.621	0
1.346	1.621	0
1.348	1.621	0
1.35	1.621	0
1.352	1.621	0
1.354	1.621	0
1.356	1.621	0
1.358	1.621	0
1.36	1.621	0
1.362	1.621	0
1.364	1.621	0
1.366	1.621	0
1.368	1.621	0
1.37	1.621	0
1.372	1.621	0
1.374	1.621	0
1.376	1.621	0
1.378	1.621	0
1.38	1.621	0
1.382	1.621	0
1.384	1.621	0
1.386	1.621	0
1.388	1.621	0
1.39	1.621	0
1.392	1.621	0
1.394	1.621	0
1.396	1.621	0
1.398	1.621	0
1.4	1.621	0
1.402	1.621	0
1.404	1.621	0
1.406	1.621	0
1.408	1.621	0
1.41	1.621	0
1.412	1.621	0
1.414	1.621	0
1.416	1.621	0
1.418	1.621	0
1.42	1.621	0
1.422	1.621	0
1.424	1.621	0
1.426	1.621	0
1.428	1.621	0
1.43	1.621	0
1.432	1.621	0
1.434	1.621	0
1.436	1.621	0
1.438	1.621	0
1.44	1.621	0
1.442	1.621	0
1.444	1.621	0
1.446	1.621	0
1.448	1.621	0
1.45	1.621	0
1.452	1.621	0
1.454	1.621	0
1.456	1.621	0
1.458	1.621	0
1.46	1.621	0
1.462	1.621	0
1.464	1.621	0
1.466	1.621	0
1.468	1.621	0
1.47	1.621	0
1.472	1.621	0
1.474	1.621	0
1.476	1.621	0
1.478	1.621	0
1.48	1.621	0
1.482	1.621	0
1.484	1.621	0
1.486	1.621	0
1.488	1.621	0
1.49	1.621	0
1.492	1.621	0
1.494	1.621	0
1.496	1.621	0
1.498	1.621	0
1.5	1.621	0
1.502	1.621	0
1.504	1.621	0
1.506	1.621	0
1.508	1.621	0
1.51	1.621	0
1.512	1.621	0
1.514	1.621	0
1.516	1.621	0
1.518	1.621	0
1.52	1.621	0
1.522	1.621	0
1.524	1.621	0
1.526	1.621	0
1.528	1.621	0
1.53	1.621	0
1.532	1.621	0
1.534	1.621	0
1.536	1.621	0
1.538	1.621	0
1.54	1.621	0
1.542	1.621	0
1.544	1.621	0
1.546	1.621	0
1.548	1.621	0
1.55	1.621	0
1.552	1.621	0
1.554	1.621	0
1.556	1.621	0
1.558	1.621	0
1.56	1.621	0
1.562	1.621	0
1.564	1.621	0
1.566	1.621	0
1.568	1.621	0
1.57	1.621	0
1.572	1.621	0
1.574	1.621	0
1.576	1.621	0
1.578	1.621	0
1.58	1.621	0
1.582	1.621	0
1.584	1.621	0
1.586	1.621	0
1.588	1.621	0
1.59	1.621	0
1.592	1.621	0
1.594	1.621	0
1.596	1.621	0
1.598	1.621	0
1.6	1.621	0
1.602	1.621	0
1.604	1.621	0
1.606	1.621	0
1.608	1.621	0
1.61	1.621	0
1.612	1.621	0
1.614	1.621	0
1.616	1.621	0
1.618	1.621	0
1.62	1.621	0
1.622	1.621	0
1.624	1.621	0
1.626	1.621	0
1.628	1.621	0
1.63	1.621	0
1.632	1.621	0
1.634	1.621	0
1.636	1.621	0
1.638	1.621	0
1.64	1.621	0
1.642	1.621	0
1.644	1.621	0
1.646	1.621	0
1.648	1.621	0
1.65	1.621	0
1.652	1.621	0
1.654	1.621	0
1.656	1.621	0
1.658	1.621	0
1.66	1.621	0
1.662	1.621	0
1.664	1.621	0
1.666	1.621	0
1.668	1.621	0
1.67	1.621	0
1.672	1.621	0
1.674	1.621	0
1.676	1.621	0
1.678	1.621	0
1.68	1.621	0
1.682	1.621	0
1.684	1.621	0
1.686	1.621	0
1.688	1.621	0
1.69	1.621	0
1.692	1.621	0
1.694	1.621	0
1.696	1.621	0
1.698	1.621	0
1.7	1.621	0
1.702	1.621	0
1.704	1.621	0
1.706	1.621	0
1.708	1.621	0
1.71	1.621	0
1.712	1.621	0
1.714	1.621	0
1.716	1.621	0
1.718	1.621	0
1.72	1.621	0
1.722	1.621	0
1.724	1.621	0
1.726	1.621	0
1.728	1.621	0
1.73	1.621	0
1.732	1.621	0
1.734	1.621	0
1.736	1.621	0
1.738	1.621	0
1.74	1.621	0
1.742	1.621	0
1.744	1.621	0
1.746	1.621	0
1.748	1.621	0
1.75	1.621	0
1.752	1.621	0
1.754	1.621	0
1.756	1.621	0
1.758	1.621	0
1.76	1.621	0
1.762	1.621	0
1.764	1.621	0
1.766	1.621	0
1.768	1.621	0
1.77	1.621	0
1.772	1.621	0
1.774	1.621	0
1.776	1.621	0
1.778	1.621	0
1.78	1.621	0
1.782	1.621	0
1.784	1.621	0
1.786	1.621	0
1.788	1.621	0
1.79	1.621	0
1.792	1.621	0
1.794	1.621	0
1.796	1.621	0
1.798	1.621	0
1.8	1.621	0
1.802	1.621	0
1.804	1.621	0
1.806	1.621	0
1.808	1.621	0
1.81	1.621	0
1.812	1.621	0
1.814	1.621	0
1.816	1.621	0
1.818	1.621	0
1.82	1.621	0
1.822	1.621	0
1.824	1.621	0
1.826	1.621	0
1.828	1.621	0
1.83	1.621	0
1.832	1.621	0
1.834	1.621	0
1.836	1.621	0
1.838	1.621	0
1.84	1.621	0
1.842	1.621	0
1.844	1.621	0
1.846	1.621	0
1.848	1.621	0
1.85	1.621	0
1.852	1.621	0
1.854	1.621	0
1.856	1.621	0
1.858	1.621	0
1.86	1.621	0
1.862	1.621	0
1.864	1.621	0
1.866	1.621	0
1.868	1.621	0
1.87	1.621	0
1.872	1.621	0
1.874	1.621	0
1.876	1.621	0
1.878	1.621	0
1.88	1.621	0
1.882	1.621	0
1.884	1.621	0
1.886	1.621	0
1.888	1.621	0
1.89	1.621	0
1.892	1.621	0
1.894	1.621	0
1.896	1.621	0
1.898	1.621	0
1.9	1.621	0
1.902	1.621	0
1.904	1.621	0
1.906	1.621	0
1.908	1.621	0
1.91	1.621	0
1.912	1.621	0
1.914	1.621	0
1.916	1.621	0
1.918	1.621	0
1.92	1.621	0
1.922	1.621	0
1.924	1.621	0
1.926	1.621	0
1.928	1.621	0
1.93	1.621	0
1.932	1.621	0
1.934	1.621	0
1.936	1.621	0
1.938	1.621	0
1.94	1.621	0
1.942	1.621	0
1.944	1.621	0
1.946	1.621	0
1.948	1.621	0
1.95	1.621	0
1.952	1.621	0
1.954	1.621	0
1.956	1.621	0
1.958	1.621	0
1.96	1.621	0
1.962	1.621	0
1.964	1.621	0
1.966	1.621	0
1.968	1.621	0
1.97	1.621	0
1.972	1.621	0
1.974	1.621	0
1.976	1.621	0
1.978	1.621	0
1.98	1.621	0
1.982	1.621	0
1.984	1.621	0
1.986	1.621	0
1.988	1.621	0
1.99	1.621	0
1.992	1.621	0
1.994	1.621	0
1.996	1.621	0
1.998	1.621	0
2	1.621	0
2.002	1.621	0
2.004	1.621	0
2.006	1.621	0
2.008	1.621	0
2.01	1.621	0
2.012	1.621	0
2.014	1.621	0
2.016	1.621	0
2.018	1.621	0
2.02	1.621	0
2.022	1.621	0
2.024	1.621	0
2.026	1.621	0
2.028	1.621	0
2.03	1.621	0
2.032	1.621	0
2.034	1.621	0
2.036	1.621	0
2.038	1.621	0
2.04	1.621	0
2.042	1.621	0
2.044	1.621	0
2.046	1.621	0
2.048	1.621	0
2.05	1.621	0
2.052	1.621	0
2.054	1.621	0
2.056	1.621	0
2.058	1.621	0
2.06	1.621	0
2.062	1.621	0
2.064	1.621	0
2.066	1.621	0
2.068	1.621	0
2.07	1.621	0
2.072	1.621	0
2.074	1.621	0
2.076	1.621	0
2.078	1.621	0
2.08	1.621	0
2.082	1.621	0
2.084	1.621	0
2.086	1.621	0
2.088	1.621	0
2.09	1.621	0
2.092	1.621	0
2.094	1.621	0
2.096	1.621	0
2.098	1.621	0
2.1	1.621	0
2.102	1.621	0
2.104	1.621	0
2.106	1.621	0
2.108	1.621	0
2.11	1.621	0
2.112	1.621	0
2.114	1.621	0
2.116	1.621	0
2.118	1.621	0
2.12	1.621	0
2.122	1.621	0
2.124	1.621	0
2.126	1.621	0
2.128	1.621	0
2.13	1.621	0
2.132	1.621	0
2.134	1.621	0
2.136	1.621	0
2.138	1.621	0
2.14	1.621	0
2.142	1.621	0
2.144	1.621	0
2.146	1.621	0
2.148	1.621	0
2.15	1.621	0
2.152	1.621	0
2.154	1.621	0
2.156	1.621	0
2.158	1.621	0
2.16	1.621	0
2.162	1.621	0
2.164	1.621	0
2.166	1.621	0
2.168	1.621	0
2.17	1.621	0
2.172	1.621	0
2.174	1.621	0
2.176	1.621	0
2.178	1.621	0
2.18	1.621	0
2.182	1.621	0
2.184	1.621	0
2.186	1.621	0
2.188	1.621	0
2.19	1.621	0
2.192	1.621	0
2.194	1.621	0
2.196	1.621	0
2.198	1.621	0
2.2	1.621	0
2.202	1.621	0
2.204	1.621	0
2.206	1.621	0
2.208	1.621	0
2.21	1.621	0
2.212	1.621	0
2.214	1.621	0
2.216	1.621	0
2.218	1.621	0
2.22	1.621	0
2.222	1.621	0
2.224	1.621	0
2.226	1.621	0
2.228	1.621	0
2.23	1.621	0
2.232	1.621	0
2.234	1.621	0
2.236	1.621	0
2.238	1.621	0
2.24	1.621	0
2.242	1.621	0
2.244	1.621	0
2.246	1.621	0
2.248	1.621	0
2.25	1.621	0
2.252	1.621	0
2.254	1.621	0
2.256	1.621	0
2.258	1.621	0
2.26	1.621	0
2.262	1.621	0
2.264	1.621	0
2.266	1.621	0
2.268	1.621	0
2.27	1.621	0
2.272	1.621	0
2.274	1.621	0
2.276	1.621	0
2.278	1.621	0
2.28	1.621	0
2.282	1.621	0
2.284	1.621	0
2.286	1.621	0
2.288	1.621	0
2.29	1.621	0
2.292	1.621	0
2.294	1.621	0
2.296	1.621	0
2.298	1.621	0
2.3	1.621	0
2.302	1.621	0
2.304	1.621	0
2.306	1.621	0
2.308	1.621	0
2.31	1.621	0
2.312	1.621	0
2.314	1.621	0
2.316	1.621	0
2.318	1.621	0
2.32	1.621	0
2.322	1.621	0
2.324	1.621	0
2.326	1.621	0
2.328	1.621	0
2.33	1.621	0
2.332	1.621	0
2.334	1.621	0
2.336	1.621	0
2.338	1.621	0
2.34	1.621	0
2.342	1.621	0
2.344	1.621	0
2.346	1.621	0
2.348	1.621	0
2.35	1.621	0
2.352	1.621	0
2.354	1.621	0
2.356	1.621	0
2.358	1.621	0
2.36	1.621	0
2.362	1.621	0
2.364	1.621	0
2.366	1.621	0
2.368	1.621	0
2.37	1.621	0
2.372	1.621	0
2.374	1.621	0
2.376	1.621	0
2.378	1.621	0
2.38	1.621	0
2.382	1.621	0
2.384	1.621	0
2.386	1.621	0
2.388	1.621	0
2.39	1.621	0
2.392	1.621	0
2.394	1.621	0
2.396	1.621	0
2.398	1.621	0
2.4	1.621	0
2.402	1.621	0
2.404	1.621	0
2.406	1.621	0
2.408	1.621	0
2.41	1.621	0
2.412	1.621	0
2.414	1.621	0
2.416	1.621	0
2.418	1.621	0
2.42	1.621	0
2.422	1.621	0
2.424	1.621	0
2.426	1.621	0
2.428	1.621	0
2.43	1.621	0
2.432	1.621	0
2.434	1.621	0
2.436	1.621	0
2.438	1.621	0
2.44	1.621	0
2.442	1.621	0
2.444	1.621	0
2.446	1.621	0
2.448	1.621	0
2.45	1.621	0
2.452	1.621	0
2.454	1.621	0
2.456	1.621	0
2.458	1.621	0
2.46	1.621	0
2.462	1.621	0
2.464	1.621	0
2.466	1.621	0
2.468	1.621	0
2.47	1.621	0
2.472	1.621	0
2.474	1.621	0
2.476	1.621	0
2.478	1.621	0
2.48	1.621	0
2.482	1.621	0
2.484	1.621	0
2.486	1.621	0
2.488	1.621	0
2.49	1.621	0
2.492	1.621	0
2.494	1.621	0
2.496	1.621	0
2.498	1.621	0
2.5	1.621	0
