wl	n	k
300.9	1.928	0.2503
301.7	1.928	0.2497
302.4	1.929	0.2492
303.1	1.93	0.2487
303.9	1.931	0.2482
304.6	1.932	0.2477
305.4	1.932	0.2471
306.1	1.933	0.2466
306.9	1.934	0.246
307.7	1.935	0.2454
308.4	1.936	0.2449
309.2	1.936	0.2443
310	1.937	0.2437
310.7	1.938	0.2431
311.5	1.939	0.2425
312.3	1.94	0.2419
313.1	1.94	0.2412
313.9	1.941	0.2406
314.7	1.942	0.2399
315.5	1.943	0.2393
316.3	1.944	0.2386
317.1	1.944	0.238
317.9	1.945	0.2373
318.7	1.946	0.2366
319.5	1.947	0.2359
320.4	1.948	0.2352
321.2	1.948	0.2345
322	1.949	0.2338
322.9	1.95	0.2331
323.7	1.951	0.2323
324.6	1.951	0.2316
325.4	1.952	0.2308
326.3	1.953	0.23
327.1	1.954	0.2293
328	1.954	0.2285
328.9	1.955	0.2277
329.7	1.956	0.2269
330.6	1.957	0.2261
331.5	1.957	0.2253
332.4	1.958	0.2245
333.3	1.959	0.2236
334.2	1.96	0.2228
335.1	1.96	0.2219
336	1.961	0.2211
336.9	1.962	0.2202
337.8	1.962	0.2193
338.8	1.963	0.2184
339.7	1.964	0.2175
340.6	1.964	0.2166
341.6	1.965	0.2157
342.5	1.966	0.2148
343.4	1.967	0.2139
344.4	1.967	0.2129
345.4	1.968	0.212
346.3	1.968	0.211
347.3	1.969	0.2101
348.3	1.97	0.2091
349.3	1.97	0.2081
350.2	1.971	0.2071
351.2	1.972	0.2062
352.2	1.972	0.2051
353.2	1.973	0.2041
354.2	1.973	0.2031
355.3	1.974	0.2021
356.3	1.975	0.2011
357.3	1.975	0.2
358.3	1.976	0.199
359.4	1.976	0.1979
360.4	1.977	0.1968
361.5	1.977	0.1958
362.5	1.978	0.1947
363.6	1.978	0.1936
364.7	1.979	0.1925
365.7	1.98	0.1914
366.8	1.98	0.1903
367.9	1.98	0.1892
369	1.981	0.1881
370.1	1.981	0.1869
371.2	1.982	0.1858
372.3	1.982	0.1846
373.4	1.983	0.1835
374.6	1.983	0.1823
375.7	1.984	0.1812
376.9	1.984	0.18
378	1.985	0.1788
379.2	1.985	0.1777
380.3	1.985	0.1765
381.5	1.986	0.1753
382.7	1.986	0.1741
383.9	1.986	0.1729
385	1.987	0.1717
386.2	1.987	0.1705
387.5	1.987	0.1692
388.7	1.988	0.168
389.9	1.988	0.1668
391.1	1.988	0.1656
392.4	1.989	0.1643
393.6	1.989	0.1631
394.9	1.989	0.1618
396.1	1.989	0.1606
397.4	1.99	0.1593
398.7	1.99	0.1581
400	1.99	0.1568
401.2	1.99	0.1556
402.5	1.99	0.1543
403.9	1.991	0.153
405.2	1.991	0.1518
406.5	1.991	0.1505
407.8	1.991	0.1492
409.2	1.991	0.1479
410.5	1.991	0.1467
411.9	1.991	0.1454
413.3	1.991	0.1441
414.7	1.992	0.1428
416.1	1.992	0.1415
417.5	1.992	0.1402
418.9	1.992	0.1389
420.3	1.992	0.1377
421.7	1.992	0.1364
423.2	1.992	0.1351
424.6	1.992	0.1338
426.1	1.992	0.1325
427.5	1.992	0.1312
429	1.992	0.1299
430.5	1.992	0.1286
432	1.991	0.1273
433.5	1.991	0.126
435	1.991	0.1247
436.6	1.991	0.1235
438.1	1.991	0.1222
439.7	1.991	0.1209
441.2	1.991	0.1196
442.8	1.991	0.1183
444.4	1.99	0.117
446	1.99	0.1158
447.6	1.99	0.1145
449.2	1.99	0.1132
450.9	1.99	0.1119
452.5	1.989	0.1107
454.2	1.989	0.1094
455.8	1.989	0.1081
457.5	1.989	0.1069
459.2	1.988	0.1056
460.9	1.988	0.1044
462.6	1.988	0.1031
464.4	1.988	0.1019
466.1	1.987	0.1007
467.9	1.987	9.94E-02
469.6	1.987	9.82E-02
471.4	1.986	9.70E-02
473.2	1.986	9.57E-02
475	1.985	9.45E-02
476.9	1.985	9.33E-02
478.7	1.985	9.21E-02
480.6	1.984	9.09E-02
482.4	1.984	8.97E-02
484.3	1.983	8.85E-02
486.2	1.983	8.73E-02
488.1	1.982	8.61E-02
490.1	1.982	8.50E-02
492	1.982	8.38E-02
494	1.981	8.26E-02
495.9	1.981	8.15E-02
497.9	1.98	8.03E-02
499.9	1.98	7.92E-02
502	1.979	7.81E-02
504	1.979	7.69E-02
506.1	1.978	7.58E-02
508.1	1.977	7.47E-02
510.2	1.977	7.36E-02
512.3	1.976	7.25E-02
514.5	1.976	7.14E-02
516.6	1.975	7.03E-02
518.8	1.975	6.92E-02
520.9	1.974	6.82E-02
523.1	1.973	6.71E-02
525.4	1.973	6.61E-02
527.6	1.972	6.50E-02
529.9	1.971	6.40E-02
532.1	1.971	6.29E-02
534.4	1.97	6.19E-02
536.7	1.969	6.09E-02
539.1	1.969	5.99E-02
541.4	1.968	5.89E-02
543.8	1.967	5.79E-02
546.2	1.967	5.69E-02
548.6	1.966	5.60E-02
551	1.965	5.50E-02
553.5	1.965	5.41E-02
556	1.964	5.31E-02
558.5	1.963	5.22E-02
561	1.962	5.12E-02
563.6	1.962	5.03E-02
566.1	1.961	4.94E-02
568.7	1.96	4.85E-02
571.4	1.959	4.76E-02
574	1.959	4.67E-02
576.7	1.958	4.59E-02
579.4	1.957	4.50E-02
582.1	1.956	4.41E-02
584.8	1.956	4.33E-02
587.6	1.955	4.25E-02
590.4	1.954	4.16E-02
593.2	1.953	4.08E-02
596.1	1.952	4.00E-02
599	1.952	3.92E-02
601.9	1.951	3.84E-02
604.8	1.95	3.76E-02
607.8	1.949	3.69E-02
610.8	1.948	3.61E-02
613.8	1.948	3.53E-02
616.8	1.947	3.46E-02
619.9	1.946	3.39E-02
623	1.945	3.31E-02
626.2	1.944	3.24E-02
629.4	1.943	3.17E-02
632.6	1.943	3.10E-02
635.8	1.942	3.03E-02
639.1	1.941	2.96E-02
642.4	1.94	2.90E-02
645.8	1.939	2.83E-02
649.1	1.938	2.77E-02
652.6	1.938	2.70E-02
656	1.937	2.64E-02
659.5	1.936	2.57E-02
663	1.935	2.51E-02
666.6	1.934	2.45E-02
670.2	1.933	2.39E-02
673.8	1.932	2.33E-02
677.5	1.932	2.28E-02
681.2	1.931	2.22E-02
685	1.93	2.16E-02
688.8	1.929	2.11E-02
692.7	1.928	2.05E-02
696.5	1.927	2.00E-02
700.5	1.926	1.94E-02
704.5	1.925	1.89E-02
708.5	1.925	1.84E-02
712.6	1.924	1.79E-02
716.7	1.923	1.74E-02
720.8	1.922	1.69E-02
725.1	1.921	1.65E-02
729.3	1.92	1.60E-02
733.6	1.919	1.55E-02
738	1.919	1.51E-02
742.4	1.918	1.46E-02
746.9	1.917	1.42E-02
751.4	1.916	1.38E-02
756	1.915	1.33E-02
760.6	1.914	1.29E-02
765.3	1.913	1.25E-02
770.1	1.912	1.21E-02
774.9	1.912	1.17E-02
779.8	1.911	1.13E-02
784.7	1.91	1.10E-02
789.7	1.909	1.06E-02
794.8	1.908	1.02E-02
799.9	1.907	9.90E-03
805.1	1.906	9.55E-03
810.4	1.906	9.21E-03
815.7	1.905	8.89E-03
821.1	1.904	8.56E-03
826.6	1.903	8.25E-03
