wl	n	k
300.9000000	2.0360000	0.3074000
301.7000000	2.0370000	0.3071000
302.4000000	2.0380000	0.3067000
303.1000000	2.0390000	0.3064000
303.9000000	2.0390000	0.3061000
304.6000000	2.0400000	0.3057000
305.4000000	2.0410000	0.3054000
306.1000000	2.0420000	0.3050000
306.9000000	2.0430000	0.3046000
307.7000000	2.0430000	0.3043000
308.4000000	2.0440000	0.3039000
309.2000000	2.0450000	0.3035000
310.0000000	2.0460000	0.3031000
310.7000000	2.0460000	0.3027000
311.5000000	2.0470000	0.3023000
312.3000000	2.0480000	0.3019000
313.1000000	2.0490000	0.3015000
313.9000000	2.0500000	0.3011000
314.7000000	2.0500000	0.3006000
315.5000000	2.0510000	0.3002000
316.3000000	2.0520000	0.2998000
317.1000000	2.0530000	0.2993000
317.9000000	2.0540000	0.2989000
318.7000000	2.0540000	0.2984000
319.5000000	2.0550000	0.2979000
320.4000000	2.0560000	0.2975000
321.2000000	2.0570000	0.2970000
322.0000000	2.0580000	0.2965000
322.9000000	2.0580000	0.2960000
323.7000000	2.0590000	0.2955000
324.6000000	2.0600000	0.2950000
325.4000000	2.0610000	0.2945000
326.3000000	2.0620000	0.2939000
327.1000000	2.0630000	0.2934000
328.0000000	2.0630000	0.2929000
328.9000000	2.0640000	0.2923000
329.7000000	2.0650000	0.2917000
330.6000000	2.0660000	0.2912000
331.5000000	2.0670000	0.2906000
332.4000000	2.0670000	0.2900000
333.3000000	2.0680000	0.2894000
334.2000000	2.0690000	0.2889000
335.1000000	2.0700000	0.2882000
336.0000000	2.0710000	0.2876000
336.9000000	2.0710000	0.2870000
337.8000000	2.0720000	0.2864000
338.8000000	2.0730000	0.2858000
339.7000000	2.0740000	0.2851000
340.6000000	2.0750000	0.2845000
341.6000000	2.0760000	0.2838000
342.5000000	2.0760000	0.2831000
343.4000000	2.0770000	0.2825000
344.4000000	2.0780000	0.2818000
345.4000000	2.0790000	0.2811000
346.3000000	2.0800000	0.2804000
347.3000000	2.0800000	0.2797000
348.3000000	2.0810000	0.2789000
349.3000000	2.0820000	0.2782000
350.2000000	2.0830000	0.2775000
351.2000000	2.0840000	0.2767000
352.2000000	2.0840000	0.2760000
353.2000000	2.0850000	0.2752000
354.2000000	2.0860000	0.2744000
355.3000000	2.0870000	0.2737000
356.3000000	2.0880000	0.2729000
357.3000000	2.0880000	0.2721000
358.3000000	2.0890000	0.2713000
359.4000000	2.0900000	0.2704000
360.4000000	2.0910000	0.2696000
361.5000000	2.0920000	0.2688000
362.5000000	2.0920000	0.2679000
363.6000000	2.0930000	0.2671000
364.7000000	2.0940000	0.2662000
365.7000000	2.0950000	0.2653000
366.8000000	2.0950000	0.2644000
367.9000000	2.0960000	0.2636000
369.0000000	2.0970000	0.2627000
370.1000000	2.0980000	0.2617000
371.2000000	2.0980000	0.2608000
372.3000000	2.0990000	0.2599000
373.4000000	2.1000000	0.2589000
374.6000000	2.1010000	0.2580000
375.7000000	2.1010000	0.2570000
376.9000000	2.1020000	0.2561000
378.0000000	2.1030000	0.2551000
379.2000000	2.1040000	0.2541000
380.3000000	2.1040000	0.2531000
381.5000000	2.1050000	0.2521000
382.7000000	2.1060000	0.2511000
383.9000000	2.1060000	0.2501000
385.0000000	2.1070000	0.2490000
386.2000000	2.1080000	0.2480000
387.5000000	2.1090000	0.2469000
388.7000000	2.1090000	0.2459000
389.9000000	2.1100000	0.2448000
391.1000000	2.1110000	0.2437000
392.4000000	2.1110000	0.2426000
393.6000000	2.1120000	0.2415000
394.9000000	2.1130000	0.2404000
396.1000000	2.1130000	0.2393000
397.4000000	2.1140000	0.2382000
398.7000000	2.1140000	0.2370000
400.0000000	2.1150000	0.2359000
401.2000000	2.1160000	0.2347000
402.5000000	2.1160000	0.2335000
403.9000000	2.1170000	0.2324000
405.2000000	2.1180000	0.2312000
406.5000000	2.1180000	0.2300000
407.8000000	2.1190000	0.2288000
409.2000000	2.1190000	0.2276000
410.5000000	2.1200000	0.2264000
411.9000000	2.1200000	0.2251000
413.3000000	2.1210000	0.2239000
414.7000000	2.1210000	0.2226000
416.1000000	2.1220000	0.2214000
417.5000000	2.1230000	0.2201000
418.9000000	2.1230000	0.2188000
420.3000000	2.1240000	0.2176000
421.7000000	2.1240000	0.2163000
423.2000000	2.1240000	0.2150000
424.6000000	2.1250000	0.2137000
426.1000000	2.1250000	0.2124000
427.5000000	2.1260000	0.2110000
429.0000000	2.1260000	0.2097000
430.5000000	2.1270000	0.2084000
432.0000000	2.1270000	0.2070000
433.5000000	2.1280000	0.2057000
435.0000000	2.1280000	0.2043000
436.6000000	2.1280000	0.2029000
438.1000000	2.1290000	0.2016000
439.7000000	2.1290000	0.2002000
441.2000000	2.1290000	0.1988000
442.8000000	2.1300000	0.1974000
444.4000000	2.1300000	0.1960000
446.0000000	2.1300000	0.1946000
447.6000000	2.1310000	0.1932000
449.2000000	2.1310000	0.1917000
450.9000000	2.1310000	0.1903000
452.5000000	2.1320000	0.1889000
454.2000000	2.1320000	0.1874000
455.8000000	2.1320000	0.1860000
457.5000000	2.1320000	0.1845000
459.2000000	2.1330000	0.1831000
460.9000000	2.1330000	0.1816000
462.6000000	2.1330000	0.1802000
464.4000000	2.1330000	0.1787000
466.1000000	2.1330000	0.1772000
467.9000000	2.1330000	0.1757000
469.6000000	2.1340000	0.1742000
471.4000000	2.1340000	0.1727000
473.2000000	2.1340000	0.1713000
475.0000000	2.1340000	0.1698000
476.9000000	2.1340000	0.1683000
478.7000000	2.1340000	0.1667000
480.6000000	2.1340000	0.1652000
482.4000000	2.1340000	0.1637000
484.3000000	2.1340000	0.1622000
486.2000000	2.1340000	0.1607000
488.1000000	2.1340000	0.1592000
490.1000000	2.1340000	0.1576000
492.0000000	2.1340000	0.1561000
494.0000000	2.1340000	0.1546000
495.9000000	2.1340000	0.1531000
497.9000000	2.1340000	0.1515000
499.9000000	2.1340000	0.1500000
502.0000000	2.1340000	0.1485000
504.0000000	2.1340000	0.1469000
506.1000000	2.1340000	0.1454000
508.1000000	2.1330000	0.1439000
510.2000000	2.1330000	0.1423000
512.3000000	2.1330000	0.1408000
514.5000000	2.1330000	0.1393000
516.6000000	2.1330000	0.1377000
518.8000000	2.1320000	0.1362000
520.9000000	2.1320000	0.1347000
523.1000000	2.1320000	0.1331000
525.4000000	2.1320000	0.1316000
527.6000000	2.1310000	0.1301000
529.9000000	2.1310000	0.1285000
532.1000000	2.1310000	0.1270000
534.4000000	2.1300000	0.1255000
536.7000000	2.1300000	0.1240000
539.1000000	2.1300000	0.1224000
541.4000000	2.1290000	0.1209000
543.8000000	2.1290000	0.1194000
546.2000000	2.1290000	0.1179000
548.6000000	2.1280000	0.1164000
551.0000000	2.1280000	0.1149000
553.5000000	2.1270000	0.1134000
556.0000000	2.1270000	0.1119000
558.5000000	2.1260000	0.1104000
561.0000000	2.1260000	0.1089000
563.6000000	2.1250000	0.1075000
566.1000000	2.1250000	0.1060000
568.7000000	2.1240000	0.1045000
571.4000000	2.1240000	0.1030000
574.0000000	2.1230000	0.1016000
576.7000000	2.1230000	0.1001000
579.4000000	2.1220000	0.0987000
582.1000000	2.1210000	0.0972000
584.8000000	2.1210000	0.0958000
587.6000000	2.1200000	0.0944000
590.4000000	2.1200000	0.0930000
593.2000000	2.1190000	0.0915000
596.1000000	2.1180000	0.0901000
599.0000000	2.1180000	0.0887000
601.9000000	2.1170000	0.0873000
604.8000000	2.1160000	0.0860000
607.8000000	2.1150000	0.0846000
610.8000000	2.1150000	0.0832000
613.8000000	2.1140000	0.0819000
616.8000000	2.1130000	0.0805000
619.9000000	2.1120000	0.0792000
623.0000000	2.1120000	0.0778000
626.2000000	2.1110000	0.0765000
629.4000000	2.1100000	0.0752000
632.6000000	2.1090000	0.0739000
635.8000000	2.1080000	0.0726000
639.1000000	2.1070000	0.0713000
642.4000000	2.1070000	0.0700000
645.8000000	2.1060000	0.0688000
649.1000000	2.1050000	0.0675000
652.6000000	2.1040000	0.0663000
656.0000000	2.1030000	0.0650000
659.5000000	2.1020000	0.0638000
663.0000000	2.1010000	0.0626000
666.6000000	2.1000000	0.0614000
670.2000000	2.0990000	0.0602000
673.8000000	2.0980000	0.0590000
677.5000000	2.0970000	0.0578000
681.2000000	2.0960000	0.0567000
685.0000000	2.0950000	0.0555000
688.8000000	2.0940000	0.0544000
692.7000000	2.0930000	0.0532000
696.5000000	2.0920000	0.0521000
700.5000000	2.0910000	0.0510000
704.5000000	2.0900000	0.0499000
708.5000000	2.0890000	0.0489000
712.6000000	2.0880000	0.0478000
716.7000000	2.0870000	0.0467000
720.8000000	2.0860000	0.0457000
725.1000000	2.0850000	0.0446000
729.3000000	2.0840000	0.0436000
733.6000000	2.0830000	0.0426000
738.0000000	2.0820000	0.0416000
742.4000000	2.0810000	0.0406000
746.9000000	2.0800000	0.0397000
751.4000000	2.0790000	0.0387000
756.0000000	2.0770000	0.0378000
760.6000000	2.0760000	0.0368000
765.3000000	2.0750000	0.0359000
770.1000000	2.0740000	0.0350000
774.9000000	2.0730000	0.0341000
779.8000000	2.0720000	0.0332000
784.7000000	2.0710000	0.0324000
789.7000000	2.0700000	0.0315000
794.8000000	2.0680000	0.0306000
799.9000000	2.0670000	0.0298000
805.1000000	2.0660000	0.0290000
810.4000000	2.0650000	0.0282000
815.7000000	2.0640000	0.0274000
821.1000000	2.0630000	0.0266000
826.6000000	2.0610000	0.0258000
826.6000000	2.0614520	0.0257513
831.6000000	2.0604030	0.0250620
836.6000000	2.0593649	0.0243912
841.6000000	2.0583375	0.0237383
846.6000000	2.0573208	0.0231030
851.6000000	2.0563147	0.0224847
856.6000000	2.0553189	0.0218830
861.6000000	2.0543335	0.0212974
866.6000000	2.0533583	0.0207275
871.6000000	2.0523933	0.0201729
876.6000000	2.0514382	0.0196332
881.6000000	2.0504930	0.0191080
886.6000000	2.0495577	0.0185969
891.6000000	2.0486320	0.0180994
896.6000000	2.0477159	0.0176153
901.6000000	2.0468094	0.0171442
906.6000000	2.0459122	0.0166858
911.6000000	2.0450243	0.0162396
916.6000000	2.0441456	0.0158054
921.6000000	2.0432761	0.0153828
926.6000000	2.0424156	0.0149716
931.6000000	2.0415639	0.0145714
936.6000000	2.0407211	0.0141819
941.6000000	2.0398871	0.0138029
946.6000000	2.0390617	0.0134341
951.6000000	2.0382449	0.0130751
956.6000000	2.0374365	0.0127258
961.6000000	2.0366365	0.0123859
966.6000000	2.0358448	0.0120550
971.6000000	2.0350613	0.0117331
976.6000000	2.0342859	0.0114197
981.6000000	2.0335186	0.0111148
986.6000000	2.0327592	0.0108181
991.6000000	2.0320078	0.0105293
996.6000000	2.0312640	0.0102482
1001.6000000	2.0305281	0.0099747
1006.6000000	2.0297997	0.0097086
1011.6000000	2.0290789	0.0094496
1016.6000000	2.0283655	0.0091975
1021.6000000	2.0276596	0.0089522
1026.6000000	2.0269610	0.0087134
1031.6000000	2.0262696	0.0084811
1036.6000000	2.0255854	0.0082550
1041.6000000	2.0249083	0.0080350
1046.6000000	2.0242382	0.0078208
1051.6000000	2.0235750	0.0076124
1056.6000000	2.0229188	0.0074096
1061.6000000	2.0222693	0.0072123
1066.6000000	2.0216266	0.0070202
1071.6000000	2.0209905	0.0068333
1076.6000000	2.0203610	0.0066514
1081.6000000	2.0197381	0.0064744
1086.6000000	2.0191216	0.0063021
1091.6000000	2.0185115	0.0061344
1096.6000000	2.0179077	0.0059713
1101.6000000	2.0173102	0.0058125
1106.6000000	2.0167189	0.0056580
1111.6000000	2.0161337	0.0055076
1116.6000000	2.0155546	0.0053613
1121.6000000	2.0149815	0.0052188
1126.6000000	2.0144143	0.0050803
1131.6000000	2.0138530	0.0049454
1136.6000000	2.0132976	0.0048141
1141.6000000	2.0127479	0.0046864
1146.6000000	2.0122039	0.0045621
1151.6000000	2.0116655	0.0044411
1156.6000000	2.0111327	0.0043233
1161.6000000	2.0106054	0.0042088
1166.6000000	2.0100836	0.0040973
1171.6000000	2.0095673	0.0039887
1176.6000000	2.0090562	0.0038831
1181.6000000	2.0085505	0.0037804
1186.6000000	2.0080500	0.0036804
1191.6000000	2.0075547	0.0035830
1196.6000000	2.0070645	0.0034883
1201.6000000	2.0065795	0.0033961
1206.6000000	2.0060994	0.0033064
1211.6000000	2.0056243	0.0032191
1216.6000000	2.0051542	0.0031342
1221.6000000	2.0046889	0.0030515
1226.6000000	2.0042285	0.0029710
1231.6000000	2.0037728	0.0028927
1236.6000000	2.0033218	0.0028165
1241.6000000	2.0028755	0.0027423
1246.6000000	2.0024339	0.0026702
1251.6000000	2.0019968	0.0025999
1256.6000000	2.0015643	0.0025316
1261.6000000	2.0011362	0.0024651
1266.6000000	2.0007126	0.0024003
1271.6000000	2.0002934	0.0023373
1276.6000000	1.9998785	0.0022760
1281.6000000	1.9994679	0.0022164
1286.6000000	1.9990616	0.0021583
1291.6000000	1.9986595	0.0021018
1296.6000000	1.9982616	0.0020468
1301.6000000	1.9978678	0.0019933
1306.6000000	1.9974780	0.0019412
1311.6000000	1.9970924	0.0018905
1316.6000000	1.9967107	0.0018412
1321.6000000	1.9963329	0.0017932
1326.6000000	1.9959591	0.0017465
1331.6000000	1.9955892	0.0017010
1336.6000000	1.9952231	0.0016568
1341.6000000	1.9948608	0.0016137
1346.6000000	1.9945022	0.0015718
1351.6000000	1.9941474	0.0015311
1356.6000000	1.9937963	0.0014914
1361.6000000	1.9934487	0.0014528
1366.6000000	1.9931048	0.0014152
1371.6000000	1.9927645	0.0013786
1376.6000000	1.9924277	0.0013430
1381.6000000	1.9920944	0.0013084
1386.6000000	1.9917645	0.0012747
1391.6000000	1.9914380	0.0012419
1396.6000000	1.9911150	0.0012099
1401.6000000	1.9907953	0.0011789
1406.6000000	1.9904789	0.0011486
1411.6000000	1.9901658	0.0011192
1416.6000000	1.9898559	0.0010906
1421.6000000	1.9895492	0.0010627
1426.6000000	1.9892458	0.0010356
1431.6000000	1.9889454	0.0010092
1436.6000000	1.9886482	0.0009835
1441.6000000	1.9883541	0.0009585
1446.6000000	1.9880630	0.0009342
1451.6000000	1.9877749	0.0009105
1456.6000000	1.9874899	0.0008875
1461.6000000	1.9872077	0.0008651
1466.6000000	1.9869285	0.0008433
1471.6000000	1.9866522	0.0008220
1476.6000000	1.9863788	0.0008014
1481.6000000	1.9861082	0.0007812
1486.6000000	1.9858404	0.0007617
1491.6000000	1.9855754	0.0007426
1496.6000000	1.9853131	0.0007241
1501.6000000	1.9850535	0.0007061
1506.6000000	1.9847967	0.0006885
1511.6000000	1.9845425	0.0006714
1516.6000000	1.9842909	0.0006548
1521.6000000	1.9840419	0.0006386
1526.6000000	1.9837956	0.0006229
1531.6000000	1.9835518	0.0006076
1536.6000000	1.9833105	0.0005927
1541.6000000	1.9830717	0.0005781
1546.6000000	1.9828354	0.0005640
1551.6000000	1.9826015	0.0005503
1556.6000000	1.9823701	0.0005369
1561.6000000	1.9821410	0.0005239
1566.6000000	1.9819143	0.0005112
1571.6000000	1.9816900	0.0004989
1576.6000000	1.9814680	0.0004869
1581.6000000	1.9812484	0.0004752
1586.6000000	1.9810309	0.0004639
1591.6000000	1.9808158	0.0004528
1596.6000000	1.9806029	0.0004420
1601.6000000	1.9803922	0.0004316
1606.6000000	1.9801836	0.0004214
1611.6000000	1.9799772	0.0004115
1616.6000000	1.9797730	0.0004018
1621.6000000	1.9795709	0.0003924
1626.6000000	1.9793709	0.0003833
1631.6000000	1.9791729	0.0003744
1636.6000000	1.9789771	0.0003657
1641.6000000	1.9787832	0.0003573
1646.6000000	1.9785913	0.0003491
1651.6000000	1.9784015	0.0003411
1656.6000000	1.9782136	0.0003334
1661.6000000	1.9780276	0.0003258
1666.6000000	1.9778436	0.0003185
1671.6000000	1.9776615	0.0003113
1676.6000000	1.9774813	0.0003043
1681.6000000	1.9773030	0.0002976
1686.6000000	1.9771265	0.0002910
1691.6000000	1.9769518	0.0002845
1696.6000000	1.9767789	0.0002783
1701.6000000	1.9766078	0.0002722
1706.6000000	1.9764386	0.0002663
1711.6000000	1.9762710	0.0002605
1716.6000000	1.9761052	0.0002549
1721.6000000	1.9759411	0.0002495
1726.6000000	1.9757787	0.0002442
1731.6000000	1.9756180	0.0002390
1736.6000000	1.9754590	0.0002340
1741.6000000	1.9753016	0.0002291
1746.6000000	1.9751459	0.0002243
1751.6000000	1.9749917	0.0002197
1756.6000000	1.9748392	0.0002152
1761.6000000	1.9746883	0.0002108
1766.6000000	1.9745389	0.0002066
1771.6000000	1.9743910	0.0002024
1776.6000000	1.9742447	0.0001984
1781.6000000	1.9740999	0.0001944
1786.6000000	1.9739566	0.0001906
1791.6000000	1.9738148	0.0001869
1796.6000000	1.9736745	0.0001832
1801.6000000	1.9735356	0.0001797
1806.6000000	1.9733982	0.0001763
1811.6000000	1.9732621	0.0001729
1816.6000000	1.9731275	0.0001697
1821.6000000	1.9729943	0.0001665
1826.6000000	1.9728625	0.0001634
1831.6000000	1.9727320	0.0001604
1836.6000000	1.9726029	0.0001575
1841.6000000	1.9724752	0.0001547
1846.6000000	1.9723487	0.0001519
1851.6000000	1.9722236	0.0001492
1856.6000000	1.9720997	0.0001466
1861.6000000	1.9719772	0.0001441
1866.6000000	1.9718559	0.0001416
1871.6000000	1.9717359	0.0001392
1876.6000000	1.9716171	0.0001368
1881.6000000	1.9714996	0.0001345
1886.6000000	1.9713832	0.0001323
1891.6000000	1.9712681	0.0001302
1896.6000000	1.9711542	0.0001280
1901.6000000	1.9710414	0.0001260
1906.6000000	1.9709298	0.0001240
1911.6000000	1.9708194	0.0001221
1916.6000000	1.9707101	0.0001202
1921.6000000	1.9706020	0.0001183
1926.6000000	1.9704950	0.0001166
1931.6000000	1.9703891	0.0001148
1936.6000000	1.9702842	0.0001131
1941.6000000	1.9701805	0.0001115
1946.6000000	1.9700779	0.0001099
1951.6000000	1.9699763	0.0001083
1956.6000000	1.9698757	0.0001068
1961.6000000	1.9697762	0.0001053
1966.6000000	1.9696778	0.0001039
1971.6000000	1.9695803	0.0001025
1976.6000000	1.9694839	0.0001011
1981.6000000	1.9693885	0.0000998
1986.6000000	1.9692940	0.0000985
1991.6000000	1.9692006	0.0000972
1996.6000000	1.9691081	0.0000960
2001.6000000	1.9690165	0.0000948
2006.6000000	1.9689260	0.0000937
2011.6000000	1.9688363	0.0000925
2016.6000000	1.9687476	0.0000914
2021.6000000	1.9686598	0.0000904
2026.6000000	1.9685729	0.0000893
2031.6000000	1.9684869	0.0000883
2036.6000000	1.9684018	0.0000873
2041.6000000	1.9683176	0.0000864
2046.6000000	1.9682343	0.0000855
2051.6000000	1.9681518	0.0000845
2056.6000000	1.9680702	0.0000837
2061.6000000	1.9679894	0.0000828
2066.6000000	1.9679095	0.0000820
2071.6000000	1.9678304	0.0000812
2076.6000000	1.9677521	0.0000804
2081.6000000	1.9676746	0.0000796
2086.6000000	1.9675979	0.0000788
2091.6000000	1.9675221	0.0000781
2096.6000000	1.9674470	0.0000774
2101.6000000	1.9673727	0.0000767
2106.6000000	1.9672991	0.0000760
2111.6000000	1.9672263	0.0000754
2116.6000000	1.9671543	0.0000748
2121.6000000	1.9670830	0.0000741
2126.6000000	1.9670125	0.0000735
2131.6000000	1.9669427	0.0000729
2136.6000000	1.9668736	0.0000724
2141.6000000	1.9668053	0.0000718
2146.6000000	1.9667376	0.0000713
2151.6000000	1.9666706	0.0000708
2156.6000000	1.9666044	0.0000702
2161.6000000	1.9665388	0.0000697
2166.6000000	1.9664739	0.0000693
2171.6000000	1.9664097	0.0000688
2176.6000000	1.9663461	0.0000683
2181.6000000	1.9662832	0.0000679
2186.6000000	1.9662210	0.0000674
2191.6000000	1.9661594	0.0000670
2196.6000000	1.9660984	0.0000666
2201.6000000	1.9660381	0.0000662
2206.6000000	1.9659784	0.0000658
2211.6000000	1.9659193	0.0000654
2216.6000000	1.9658608	0.0000651
2221.6000000	1.9658030	0.0000647
2226.6000000	1.9657457	0.0000644
2231.6000000	1.9656890	0.0000640
2236.6000000	1.9656330	0.0000637
2241.6000000	1.9655775	0.0000634
2246.6000000	1.9655225	0.0000631
2251.6000000	1.9654682	0.0000627
2256.6000000	1.9654144	0.0000624
2261.6000000	1.9653611	0.0000622
2266.6000000	1.9653085	0.0000619
2271.6000000	1.9652563	0.0000616
2276.6000000	1.9652047	0.0000613
2281.6000000	1.9651537	0.0000611
2286.6000000	1.9651031	0.0000608
2291.6000000	1.9650531	0.0000606
2296.6000000	1.9650036	0.0000603
2301.6000000	1.9649546	0.0000601
2306.6000000	1.9649062	0.0000599
2311.6000000	1.9648582	0.0000597
2316.6000000	1.9648107	0.0000594
2321.6000000	1.9647638	0.0000592
2326.6000000	1.9647173	0.0000590
2331.6000000	1.9646713	0.0000588
2336.6000000	1.9646257	0.0000586
2341.6000000	1.9645807	0.0000585
2346.6000000	1.9645361	0.0000583
2351.6000000	1.9644919	0.0000581
2356.6000000	1.9644483	0.0000579
2361.6000000	1.9644051	0.0000578
2366.6000000	1.9643623	0.0000576
2371.6000000	1.9643200	0.0000574
2376.6000000	1.9642781	0.0000573
2381.6000000	1.9642366	0.0000571
2386.6000000	1.9641956	0.0000570
2391.6000000	1.9641550	0.0000568
2396.6000000	1.9641148	0.0000567
2401.6000000	1.9640751	0.0000566
2406.6000000	1.9640357	0.0000564
2411.6000000	1.9639968	0.0000563
2416.6000000	1.9639582	0.0000562
2421.6000000	1.9639201	0.0000561
2426.6000000	1.9638823	0.0000559
2431.6000000	1.9638450	0.0000558
2436.6000000	1.9638080	0.0000557
2441.6000000	1.9637714	0.0000556
2446.6000000	1.9637352	0.0000555
2451.6000000	1.9636994	0.0000554
2456.6000000	1.9636640	0.0000553
2461.6000000	1.9636289	0.0000552
2466.6000000	1.9635942	0.0000551
2471.6000000	1.9635598	0.0000550
2476.6000000	1.9635258	0.0000549
2481.6000000	1.9634921	0.0000548
2486.6000000	1.9634588	0.0000548
2491.6000000	1.9634259	0.0000547
2496.6000000	1.9633932	0.0000546
2501.6000000	1.9633610	0.0000545
2506.6000000	1.9633290	0.0000544
2511.6000000	1.9632974	0.0000544
2516.6000000	1.9632661	0.0000543
2521.6000000	1.9632352	0.0000542
2526.6000000	1.9632045	0.0000541
2531.6000000	1.9631742	0.0000541
2536.6000000	1.9631442	0.0000540
2541.6000000	1.9631145	0.0000540
2546.6000000	1.9630851	0.0000539
2551.6000000	1.9630560	0.0000538
2556.6000000	1.9630272	0.0000538
2561.6000000	1.9629987	0.0000537
2566.6000000	1.9629705	0.0000537
2571.6000000	1.9629426	0.0000536
2576.6000000	1.9629150	0.0000536
2581.6000000	1.9628877	0.0000535
2586.6000000	1.9628607	0.0000535
2591.6000000	1.9628339	0.0000534
2596.6000000	1.9628074	0.0000534
