wl	n	k
300.9	2.036	0.3074
301.7	2.037	0.3071
302.4	2.038	0.3067
303.1	2.039	0.3064
303.9	2.039	0.3061
304.6	2.04	0.3057
305.4	2.041	0.3054
306.1	2.042	0.305
306.9	2.043	0.3046
307.7	2.043	0.3043
308.4	2.044	0.3039
309.2	2.045	0.3035
310	2.046	0.3031
310.7	2.046	0.3027
311.5	2.047	0.3023
312.3	2.048	0.3019
313.1	2.049	0.3015
313.9	2.05	0.3011
314.7	2.05	0.3006
315.5	2.051	0.3002
316.3	2.052	0.2998
317.1	2.053	0.2993
317.9	2.054	0.2989
318.7	2.054	0.2984
319.5	2.055	0.2979
320.4	2.056	0.2975
321.2	2.057	0.297
322	2.058	0.2965
322.9	2.058	0.296
323.7	2.059	0.2955
324.6	2.06	0.295
325.4	2.061	0.2945
326.3	2.062	0.2939
327.1	2.063	0.2934
328	2.063	0.2929
328.9	2.064	0.2923
329.7	2.065	0.2917
330.6	2.066	0.2912
331.5	2.067	0.2906
332.4	2.067	0.29
333.3	2.068	0.2894
334.2	2.069	0.2889
335.1	2.07	0.2882
336	2.071	0.2876
336.9	2.071	0.287
337.8	2.072	0.2864
338.8	2.073	0.2858
339.7	2.074	0.2851
340.6	2.075	0.2845
341.6	2.076	0.2838
342.5	2.076	0.2831
343.4	2.077	0.2825
344.4	2.078	0.2818
345.4	2.079	0.2811
346.3	2.08	0.2804
347.3	2.08	0.2797
348.3	2.081	0.2789
349.3	2.082	0.2782
350.2	2.083	0.2775
351.2	2.084	0.2767
352.2	2.084	0.276
353.2	2.085	0.2752
354.2	2.086	0.2744
355.3	2.087	0.2737
356.3	2.088	0.2729
357.3	2.088	0.2721
358.3	2.089	0.2713
359.4	2.09	0.2704
360.4	2.091	0.2696
361.5	2.092	0.2688
362.5	2.092	0.2679
363.6	2.093	0.2671
364.7	2.094	0.2662
365.7	2.095	0.2653
366.8	2.095	0.2644
367.9	2.096	0.2636
369	2.097	0.2627
370.1	2.098	0.2617
371.2	2.098	0.2608
372.3	2.099	0.2599
373.4	2.1	0.2589
374.6	2.101	0.258
375.7	2.101	0.257
376.9	2.102	0.2561
378	2.103	0.2551
379.2	2.104	0.2541
380.3	2.104	0.2531
381.5	2.105	0.2521
382.7	2.106	0.2511
383.9	2.106	0.2501
385	2.107	0.249
386.2	2.108	0.248
387.5	2.109	0.2469
388.7	2.109	0.2459
389.9	2.11	0.2448
391.1	2.111	0.2437
392.4	2.111	0.2426
393.6	2.112	0.2415
394.9	2.113	0.2404
396.1	2.113	0.2393
397.4	2.114	0.2382
398.7	2.114	0.237
400	2.115	0.2359
401.2	2.116	0.2347
402.5	2.116	0.2335
403.9	2.117	0.2324
405.2	2.118	0.2312
406.5	2.118	0.23
407.8	2.119	0.2288
409.2	2.119	0.2276
410.5	2.12	0.2264
411.9	2.12	0.2251
413.3	2.121	0.2239
414.7	2.121	0.2226
416.1	2.122	0.2214
417.5	2.123	0.2201
418.9	2.123	0.2188
420.3	2.124	0.2176
421.7	2.124	0.2163
423.2	2.124	0.215
424.6	2.125	0.2137
426.1	2.125	0.2124
427.5	2.126	0.211
429	2.126	0.2097
430.5	2.127	0.2084
432	2.127	0.207
433.5	2.128	0.2057
435	2.128	0.2043
436.6	2.128	0.2029
438.1	2.129	0.2016
439.7	2.129	0.2002
441.2	2.129	0.1988
442.8	2.13	0.1974
444.4	2.13	0.196
446	2.13	0.1946
447.6	2.131	0.1932
449.2	2.131	0.1917
450.9	2.131	0.1903
452.5	2.132	0.1889
454.2	2.132	0.1874
455.8	2.132	0.186
457.5	2.132	0.1845
459.2	2.133	0.1831
460.9	2.133	0.1816
462.6	2.133	0.1802
464.4	2.133	0.1787
466.1	2.133	0.1772
467.9	2.133	0.1757
469.6	2.134	0.1742
471.4	2.134	0.1727
473.2	2.134	0.1713
475	2.134	0.1698
476.9	2.134	0.1683
478.7	2.134	0.1667
480.6	2.134	0.1652
482.4	2.134	0.1637
484.3	2.134	0.1622
486.2	2.134	0.1607
488.1	2.134	0.1592
490.1	2.134	0.1576
492	2.134	0.1561
494	2.134	0.1546
495.9	2.134	0.1531
497.9	2.134	0.1515
499.9	2.134	0.15
502	2.134	0.1485
504	2.134	0.1469
506.1	2.134	0.1454
508.1	2.133	0.1439
510.2	2.133	0.1423
512.3	2.133	0.1408
514.5	2.133	0.1393
516.6	2.133	0.1377
518.8	2.132	0.1362
520.9	2.132	0.1347
523.1	2.132	0.1331
525.4	2.132	0.1316
527.6	2.131	0.1301
529.9	2.131	0.1285
532.1	2.131	0.127
534.4	2.13	0.1255
536.7	2.13	0.124
539.1	2.13	0.1224
541.4	2.129	0.1209
543.8	2.129	0.1194
546.2	2.129	0.1179
548.6	2.128	0.1164
551	2.128	0.1149
553.5	2.127	0.1134
556	2.127	0.1119
558.5	2.126	0.1104
561	2.126	0.1089
563.6	2.125	0.1075
566.1	2.125	0.106
568.7	2.124	0.1045
571.4	2.124	0.103
574	2.123	0.1016
576.7	2.123	0.1001
579.4	2.122	9.87E-02
582.1	2.121	9.72E-02
584.8	2.121	9.58E-02
587.6	2.12	9.44E-02
590.4	2.12	9.30E-02
593.2	2.119	9.15E-02
596.1	2.118	9.01E-02
599	2.118	8.87E-02
601.9	2.117	8.73E-02
604.8	2.116	8.60E-02
607.8	2.115	8.46E-02
610.8	2.115	8.32E-02
613.8	2.114	8.19E-02
616.8	2.113	8.05E-02
619.9	2.112	7.92E-02
623	2.112	7.78E-02
626.2	2.111	7.65E-02
629.4	2.11	7.52E-02
632.6	2.109	7.39E-02
635.8	2.108	7.26E-02
639.1	2.107	7.13E-02
642.4	2.107	7.00E-02
645.8	2.106	6.88E-02
649.1	2.105	6.75E-02
652.6	2.104	6.63E-02
656	2.103	6.50E-02
659.5	2.102	6.38E-02
663	2.101	6.26E-02
666.6	2.1	6.14E-02
670.2	2.099	6.02E-02
673.8	2.098	5.90E-02
677.5	2.097	5.78E-02
681.2	2.096	5.67E-02
685	2.095	5.55E-02
688.8	2.094	5.44E-02
692.7	2.093	5.32E-02
696.5	2.092	5.21E-02
700.5	2.091	5.10E-02
704.5	2.09	4.99E-02
708.5	2.089	4.89E-02
712.6	2.088	4.78E-02
716.7	2.087	4.67E-02
720.8	2.086	4.57E-02
725.1	2.085	4.46E-02
729.3	2.084	4.36E-02
733.6	2.083	4.26E-02
738	2.082	4.16E-02
742.4	2.081	4.06E-02
746.9	2.08	3.97E-02
751.4	2.079	3.87E-02
756	2.077	3.78E-02
760.6	2.076	3.68E-02
765.3	2.075	3.59E-02
770.1	2.074	3.50E-02
774.9	2.073	3.41E-02
779.8	2.072	3.32E-02
784.7	2.071	3.24E-02
789.7	2.07	3.15E-02
794.8	2.068	3.06E-02
799.9	2.067	2.98E-02
805.1	2.066	2.90E-02
810.4	2.065	2.82E-02
815.7	2.064	2.74E-02
821.1	2.063	2.66E-02
826.6	2.061	2.58E-02
