200 0.9805
205 0.9827
210 0.9837
215 0.9848
220 0.9859
225 0.9859
230 0.9870
235 0.9881
240 0.9870
245 0.9859
250 0.9762
255 0.9534
260 0.9167
265 0.8715
270 0.8222
275 0.7667
280 0.7094
285 0.6480
290 0.5849
295 0.5190
300 0.4534
305 0.3913
310 0.3315
315 0.2761
320 0.2292
325 0.1875
330 0.1520
335 0.1206
340 0.0994
345 0.0762
350 0.0622
355 0.0511
360 0.0391
365 0.0340
370 0.0280
375 0.0240
380 0.0210
385 0.0190
390 0.0180
395 0.0160
400 0.0160
405 0.0140
410 0.0110
415 0.0130
420 0.0120
425 0.0130
430 0.0120
435 0.0140
440 0.0120
445 0.0120
450 0.0100
455 0.0100
460 0.0100
465 0.0100
470 0.0090
475 0.0110
480 0.0080
485 0.0080
490 0.0100
495 0.0090
500 0.0100
505 0.0100
510 0.0080
515 0.0080
520 0.0110
525 0.0090
530 0.0090
535 0.0080
540 0.0080
545 0.0070
550 0.0100
555 0.0100
560 0.0090
565 0.0090
570 0.0090
575 0.0090
580 0.0110
585 0.0100
590 0.0110
595 0.0120
600 0.0100
605 0.0120
610 0.0090
615 0.0090
620 0.0120
625 0.0100
630 0.0120
635 0.0110
640 0.0100
645 0.0090
650 0.0110
655 0.0090
660 0.0100
665 0.0080
670 0.0100
675 0.0100
680 0.0090
685 0.0080
690 0.0120
695 0.0120
700 0.0110
705 0.0110
710 0.0120
715 0.0120
720 0.0110
725 0.0120
730 0.0110
735 0.0120
740 0.0120
745 0.0120
750 0.0100
755 0.0100
760 0.0120
765 0.0120
770 0.0110
775 0.0110
780 0.0120
785 0.0110
790 0.0100
795 0.0110
800 0.0120
805 0.0110
810 0.0110
815 0.0100
820 0.0120
825 0.0120
830 0.0130
835 0.0130
840 0.0120
845 0.0120
850 0.0130
855 0.0120
860 0.0100
865 0.0060
870 0.0080
875 0.0090
880 0.0090
885 0.0090
890 0.0110
895 0.0110
900 0.0100
905 0.0080
910 0.0080
915 0.0080
920 0.0090
925 0.0090
930 0.0090
935 0.0090
940 0.0100
945 0.0090
950 0.0090
955 0.0090
960 0.0090
965 0.0090
970 0.0080
975 0.0090
980 0.0090
985 0.0090
990 0.0090
995 0.0090
1000 0.0090
1005 0.0090
1010 0.0090
1015 0.0090
1020 0.0090
1025 0.0090
1030 0.0090
1035 0.0090
1040 0.0090
1045 0.0090
1050 0.0090
1055 0.0090
1060 0.0090
1065 0.0100
1070 0.0090
1075 0.0090
1080 0.0080
1085 0.0080
1090 0.0080
1095 0.0080
1100 0.0080
1105 0.0090
1110 0.0100
1115 0.0100
1120 0.0090
1125 0.0090
1130 0.0090
1135 0.0090
1140 0.0090
1145 0.0090
1150 0.0090
1155 0.0100
1160 0.0100
1165 0.0090
1170 0.0070
1175 0.0080
1180 0.0080
1185 0.0080
1190 0.0090
1195 0.0090
1200 0.0070
1205 0.0070
1210 0.0080
1215 0.0090
1220 0.0090
1225 0.0090
1230 0.0080
1235 0.0080
1240 0.0080
1245 0.0080
1250 0.0080
1255 0.0080
1260 0.0080
1265 0.0090
1270 0.0090
1275 0.0090
1280 0.0080
1285 0.0070
1290 0.0080
1295 0.0080
1300 0.0070
1305 0.0070
1310 0.0070
1315 0.0070
1320 0.0070
1325 0.0070
1330 0.0070
1335 0.0070
1340 0.0070
1345 0.0070
1350 0.0080
1355 0.0080
1360 0.0090
1365 0.0080
1370 0.0080
1375 0.0080
1380 0.0080
1385 0.0080
1390 0.0080
1395 0.0090
1400 0.0110
1405 0.0110
1410 0.0110
1415 0.0110
1420 0.0110
1425 0.0110
1430 0.0100
1435 0.0110
1440 0.0100
1445 0.0090
1450 0.0090
1455 0.0090
1460 0.0080
1465 0.0080
1470 0.0080
1475 0.0080
1480 0.0090
1485 0.0090
1490 0.0080
1495 0.0080
1500 0.0060
1505 0.0060
1510 0.0070
1515 0.0060
1520 0.0060
1525 0.0060
1530 0.0060
1535 0.0060
1540 0.0060
1545 0.0060
1550 0.0060
1555 0.0060
1560 0.0060
1565 0.0060
1570 0.0060
1575 0.0070
1580 0.0070
1585 0.0070
1590 0.0070
1595 0.0080
1600 0.0070
1605 0.0080
1610 0.0080
1615 0.0080
1620 0.0080
1625 0.0090
1630 0.0090
1635 0.0080
1640 0.0070
1645 0.0080
1650 0.0080
1655 0.0070
1660 0.0070
1665 0.0080
1670 0.0080
1675 0.0070
1680 0.0080
1685 0.0080
1690 0.0090
1695 0.0080
1700 0.0080
1705 0.0090
1710 0.0090
1715 0.0090
1720 0.0090
1725 0.0080
1730 0.0080
1735 0.0080
1740 0.0100
1745 0.0090
1750 0.0090
1755 0.0080
1760 0.0090
1765 0.0090
1770 0.0080
1775 0.0090
1780 0.0090
1785 0.0090
1790 0.0090
1795 0.0100
1800 0.0080
1805 0.0040
1810 0.0050
1815 0.0030
1820 0.0030
1825 0.0030
1830 0.0040
1835 0.0040
1840 0.0040
1845 0.0060
1850 0.0060
1855 0.0040
1860 0.0030
1865 0.0060
1870 0.0070
1875 0.0050
1880 0.0070
1885 0.0080
1890 0.0070
1895 0.0070
1900 0.0080
1905 0.0080
1910 0.0080
1915 0.0090
1920 0.0100
1925 0.0100
1930 0.0080
1935 0.0090
1940 0.0070
1945 0.0070
1950 0.0090
1955 0.0080
1960 0.0080
1965 0.0080
1970 0.0070
1975 0.0050
1980 0.0040
1985 0.0050
1990 0.0070
1995 0.0090
2000 0.0090
2005 0.0080
2010 0.0090
2015 0.0080
2020 0.0070
2025 0.0060
2030 0.0060
2035 0.0050
2040 0.0050
2045 0.0090
2050 0.0120
2055 0.0090
2060 0.0080
2065 0.0110
2070 0.0100
2075 0.0080
2080 0.0080
2085 0.0080
2090 0.0060
2095 0.0070
2100 0.0100
2105 0.0130
2110 0.0120
2115 0.0120
2120 0.0110
2125 0.0100
2130 0.0110
2135 0.0130
2140 0.0160
2145 0.0170
2150 0.0160
2155 0.0160
2160 0.0170
2165 0.0190
2170 0.0190
2175 0.0200
2180 0.0230
2185 0.0240
2190 0.0260
2195 0.0260
2200 0.0270
2205 0.0280
2210 0.0290
2215 0.0330
2220 0.0320
2225 0.0300
2230 0.0280
2235 0.0270
2240 0.0290
2245 0.0290
2250 0.0270
2255 0.0260
2260 0.0270
2265 0.0250
2270 0.0250
2275 0.0250
2280 0.0230
2285 0.0240
2290 0.0230
2295 0.0230
2300 0.0250
2305 0.0250
2310 0.0240
2315 0.0250
2320 0.0270
2325 0.0250
2330 0.0240
2335 0.0270
2340 0.0280
2345 0.0290
2350 0.0280
2355 0.0260
2360 0.0270
2365 0.0280
2370 0.0300
2375 0.0310
2380 0.0330
2385 0.0330
2390 0.0340
2395 0.0351
2400 0.0371
2405 0.0391
2410 0.0431
2415 0.0401
2420 0.0401
2425 0.0401
2430 0.0411
2435 0.0441
2440 0.0451
2445 0.0481
2450 0.0461
2455 0.0501
2460 0.0491
2465 0.0501
2470 0.0491
2475 0.0521
2480 0.0511
2485 0.0511
2490 0.0551
2495 0.0551
2500 0.0551
2505 0.0551
2510 0.0571
2515 0.0571
2520 0.0602
2525 0.0632
2530 0.0632
2535 0.0652
2540 0.0682
2545 0.0672
2550 0.0702
2555 0.0682
2560 0.0712
2565 0.0712
2570 0.0752
2575 0.0732
2580 0.0752
2585 0.0772
2590 0.0803
2595 0.0813
2600 0.0843
