wl	k
0.25157	0.577801613
0.25316	0.569701795
0.25475	0.560078808
0.25634	0.548891345
0.25793	0.536140733
0.25952	0.521875087
0.26112	0.506187696
0.26271	0.489213773
0.2643	0.471124947
0.26589	0.45212117
0.26748	0.432420532
0.26907	0.412249024
0.27067	0.391831658
0.27226	0.371382518
0.27385	0.351098957
0.27544	0.331155243
0.27703	0.311700698
0.27862	0.292857499
0.28022	0.274721021
0.28181	0.257362168
0.2834	0.240828823
0.28499	0.225148714
0.28658	0.210333132
0.28818	0.196379165
0.28977	0.18327257
0.29136	0.170990928
0.29295	0.159505232
0.29454	0.148782004
0.29614	0.138784873
0.29773	0.129475706
0.29932	0.120816056
0.30091	0.11276749
0.3025	0.105292332
0.30409	0.09835399
0.30569	0.0919176733
0.30728	0.0859498581
0.30887	0.0804191133
0.31046	0.0752958242
0.31205	0.0705519914
0.31365	0.0661616709
0.31524	0.0621005984
0.31683	0.0583461984
0.31842	0.0548775011
0.32001	0.0516750052
0.32161	0.0487207775
0.3232	0.045998066
0.32479	0.0434914087
0.32638	0.0411864938
0.32797	0.0390700757
0.32957	0.0371299223
0.33116	0.0353546239
0.33275	0.0337336996
0.33434	0.0322574316
0.33593	0.0309167457
0.33752	0.0297033069
0.33912	0.0286093155
0.34071	0.0276275388
0.3423	0.0267512355
0.34389	0.0259740953
0.34548	0.0252748721
0.34708	0.024600679
0.34867	0.0239471567
0.35026	0.0233137866
0.35185	0.0226999922
0.35344	0.0221051966
0.35504	0.0215288237
0.35663	0.0209703042
0.35822	0.0204290871
0.35981	0.0199046243
0.3614	0.0193963657
0.36299	0.0189038069
0.36459	0.0184264416
0.36618	0.0179637641
0.36777	0.0175153192
0.36936	0.0170806241
0.37095	0.016659245
0.37254	0.0162507481
0.37414	0.0158547078
0.37573	0.0154707188
0.37732	0.0150983944
0.37891	0.0147373498
0.3805	0.0143872236
0.3821	0.0140476614
0.38369	0.0137183156
0.38528	0.0133988604
0.38687	0.0130889713
0.38846	0.0127883447
0.39005	0.0124966776
0.39164	0.0122136868
0.39324	0.011939094
0.39483	0.0116726266
0.39642	0.0114140294
0.39801	0.011163052
0.3996	0.0109194487
0.40119	0.0106829899
0.40279	0.0104534501
0.40438	0.0102306115
0.40597	0.0100142604
0.40756	0.00980419741
0.40915	0.00960022625
0.41074	0.00940215755
0.41233	0.00920980549
0.41393	0.00902299364
0.41552	0.00884155711
0.41711	0.00866533082
0.4187	0.00849415016
0.42029	0.00832786154
0.42188	0.00816632148
0.42347	0.00800938148
0.42506	0.00785690763
0.42665	0.00770876125
0.42825	0.007564813
0.42984	0.00742494638
0.43143	0.00728902754
0.43302	0.00715694809
0.43461	0.00702859485
0.4362	0.00690385462
0.43779	0.00678262196
0.43938	0.00666479848
0.44097	0.00655028528
0.44257	0.00643898338
0.44416	0.00633080387
0.44575	0.00622565414
0.44734	0.00612345104
0.44893	0.00602410789
0.45052	0.00592754693
0.45211	0.00583368983
0.4537	0.00574245807
0.45529	0.00565378125
0.45688	0.00556758581
0.45847	0.00548380584
0.46006	0.00540237241
0.46165	0.00532322379
0.46324	0.0052462977
0.46484	0.00517153386
0.46643	0.00509887168
0.46802	0.00502825484
0.46961	0.00495963293
0.4712	0.00489294873
0.47279	0.00482815107
0.47438	0.00476519419
0.47597	0.00470402605
0.47756	0.00464460015
0.47915	0.0045868749
0.48074	0.00453080294
0.48233	0.00447634362
0.48392	0.00442345418
0.48551	0.00437209644
0.4871	0.00432223175
0.48869	0.00427382262
0.49028	0.00422683273
0.49187	0.00418122549
0.49346	0.00413696821
0.49505	0.00409402648
0.49664	0.00405237082
0.49823	0.00401196754
0.49982	0.00397278772
0.50141	0.00393480206
0.503	0.00389798215
0.50459	0.00386229934
0.50618	0.00382772905
0.50777	0.00379424322
0.50936	0.00376181774
0.51094	0.00373042815
0.51253	0.00370004983
0.51412	0.00367066162
0.51571	0.00364223937
0.5173	0.00361476229
0.51889	0.00358820934
0.52048	0.00356256006
0.52207	0.00353779461
0.52366	0.00351389372
0.52525	0.00349083796
0.52684	0.0034686106
0.52843	0.0034471926
0.53002	0.00342656815
0.5316	0.00340671933
0.53319	0.0033876306
0.53478	0.00336928627
0.53637	0.00335167106
0.53796	0.00333477015
0.53955	0.00331856914
0.54114	0.00330305402
0.54273	0.00328821121
0.54431	0.00327402747
0.5459	0.00326048998
0.54749	0.00324758624
0.54908	0.00323530414
0.55067	0.00322363187
0.55226	0.003212558
0.55384	0.00320207137
0.55543	0.00319216116
0.55702	0.00318281686
0.55861	0.00317402822
0.5602	0.00316578532
0.56178	0.0031580787
0.56337	0.0031508985
0.56496	0.00314423582
0.56655	0.00313808196
0.56814	0.0031324279
0.56972	0.0031272656
0.57131	0.00312258671
0.5729	0.00311838315
0.57449	0.00311464749
0.57607	0.00311137205
0.57766	0.00310854964
0.57925	0.00310617298
0.58084	0.00310423525
0.58242	0.00310272979
0.58401	0.00310165
0.5856	0.00310098954
0.58718	0.00310074223
0.58877	0.00310090208
0.59036	0.00310146323
0.59195	0.00310242004
0.59353	0.00310376693
0.59512	0.00310549857
0.59671	0.00310760966
0.59829	0.00311009527
0.59988	0.00311295032
0.60147	0.00311617008
0.60305	0.0031197499
0.60464	0.00312368513
0.60623	0.00312797159
0.60781	0.00313260475
0.6094	0.00313758042
0.61098	0.00314289487
0.61257	0.00314854384
0.61416	0.00315452367
0.61574	0.00316083046
0.61733	0.00316746098
0.61891	0.00317441135
0.6205	0.00318167812
0.62209	0.00318925844
0.62367	0.00319714864
0.62526	0.00320534558
0.62684	0.00321384674
0.62843	0.00322264867
0.63001	0.00323174849
0.6316	0.0032411437
0.63318	0.00325083162
0.63477	0.00326080966
0.63635	0.00327107496
0.63794	0.0032816254
0.63952	0.00329245825
0.64111	0.00330357154
0.64269	0.0033149627
0.64428	0.00332662989
0.64586	0.00333857104
0.64745	0.00335078373
0.64903	0.00336326638
0.65062	0.0033760167
0.6522	0.00338903322
0.65379	0.00340231377
0.65537	0.00341585704
0.65696	0.00342966093
0.65854	0.00344372427
0.66012	0.0034580455
0.66171	0.0034726227
0.66329	0.00348745441
0.66488	0.00350253968
0.66646	0.0035178767
0.66804	0.00353346467
0.66963	0.00354930233
0.67121	0.00356538752
0.67279	0.00358172057
0.67438	0.00359829886
0.67596	0.00361512235
0.67754	0.00363219003
0.67913	0.0036495004
0.68071	0.00366705254
0.68229	0.00368484608
0.68388	0.00370287964
0.68546	0.00372115297
0.68704	0.00373966473
0.68862	0.00375841419
0.69021	0.00377740123
0.69179	0.00379662462
0.69337	0.00381608373
0.69495	0.00383577858
0.69654	0.00385570801
0.69812	0.00387587214
0.6997	0.00389626922
0.70128	0.00391690071
0.70287	0.00393776429
0.70445	0.00395886085
0.70603	0.00398018939
0.70761	0.00400174961
0.70919	0.00402354186
0.71077	0.00404556524
0.71236	0.00406781951
0.71394	0.00409030446
0.71552	0.00411302062
0.7171	0.00413596717
0.71868	0.00415914397
0.72026	0.00418255167
0.72184	0.00420618949
0.72342	0.0042300574
0.725	0.0042541554
0.72659	0.00427848349
0.72817	0.00430304248
0.72975	0.00432783094
0.73133	0.00435285048
0.73291	0.00437810125
0.73449	0.00440358184
0.73607	0.00442929319
0.73765	0.00445523631
0.73923	0.00448141062
0.74081	0.00450781637
0.74239	0.00453445382
0.74397	0.00456132326
0.74555	0.00458842586
0.74713	0.00461576026
0.74871	0.00464332853
0.75029	0.00467112934
0.75186	0.00469916481
0.75344	0.00472743452
0.75502	0.00475593891
0.7566	0.00478467846
0.75818	0.00481365365
0.75976	0.00484286592
0.76134	0.004872314
0.76292	0.00490199933
0.7645	0.00493192342
0.76607	0.00496208504
0.76765	0.00499248666
0.76923	0.00502312705
0.77081	0.00505400876
0.77239	0.00508513058
0.77396	0.00511649512
0.77554	0.00514810118
0.77712	0.00517995047
0.7787	0.00521204475
0.78028	0.00524438283
0.78185	0.00527696751
0.78343	0.0053097976
0.78501	0.00534287497
0.78659	0.00537620151
0.78816	0.00540977605
0.78974	0.00544360052
0.79132	0.00547767587
0.79289	0.00551200303
0.79447	0.00554658298
0.79605	0.00558141672
0.79762	0.00561650524
0.7992	0.0056518485
0.80077	0.00568744972
0.80235	0.00572330778
0.80393	0.00575942487
0.8055	0.00579580211
0.80708	0.00583244062
0.80865	0.00586934156
0.81023	0.00590650612
0.81181	0.00594393432
0.81338	0.00598162852
0.81496	0.00601959116
0.81653	0.00605781994
0.81811	0.00609631969
0.81968	0.00613508933
0.82126	0.00617413257
0.82283	0.00621344958
0.82441	0.00625303925
0.82598	0.00629290541
0.82755	0.00633305195
0.82913	0.00637347533
0.8307	0.0064141795
0.83228	0.00645516337
0.83385	0.00649643352
0.83543	0.00653798895
0.837	0.0065798286
0.83857	0.00662195659
0.84015	0.00666437717
0.84172	0.00670708668
0.84329	0.00675008671
0.84487	0.00679338425
0.84644	0.00683697832
0.84801	0.00688086791
0.84959	0.00692505743
0.85116	0.00696954866
0.85273	0.00701434337
0.8543	0.00705944336
0.85588	0.00710484764
0.85745	0.00715056371
0.85902	0.00719658778
0.86059	0.00724292457
0.86216	0.00728957312
0.86374	0.00733654118
0.86531	0.00738382492
0.86688	0.00743142924
0.86845	0.0074793562
0.87002	0.00752760787
0.87159	0.00757618633
0.87316	0.00762509068
0.87474	0.00767432607
0.87631	0.0077238947
0.87788	0.00777379565
0.87945	0.00782403738
0.88102	0.00787461591
0.88259	0.00792553667
0.88416	0.00797679878
0.88573	0.00802841099
0.8873	0.00808036927
0.88887	0.00813267927
0.89044	0.00818534342
0.89201	0.00823836093
0.89358	0.00829173758
0.89515	0.00834547593
0.89672	0.00839957521
0.89829	0.00845404477
0.89986	0.00850888051
0.90142	0.00856408849
0.90299	0.00861966799
0.90456	0.00867562521
0.90613	0.00873196294
0.9077	0.00878868405
0.90927	0.00884578786
0.91083	0.0089032808
0.9124	0.00896116584
0.91397	0.00901944234
0.91554	0.00907811694
0.91711	0.00913719274
0.91867	0.00919666912
0.92024	0.00925655295
0.92181	0.00931684742
0.92338	0.00937755201
0.92494	0.00943867375
0.92651	0.00950021599
0.92808	0.00956218213
0.92964	0.0096245717
0.93121	0.00968738811
0.93278	0.00975064272
0.93434	0.00981433124
0.93591	0.00987845721
0.93747	0.00994303232
0.93904	0.0100080522
0.94061	0.0100735207
0.94217	0.0101394455
0.94374	0.0102058307
0.9453	0.01027268
0.94687	0.0103399934
0.94843	0.0104077749
0.95	0.0104760326
0.95156	0.0105447708
0.95313	0.0106139938
0.95469	0.0106837014
0.95625	0.0107539024
0.95782	0.0108245967
0.95938	0.0108957931
0.96095	0.0109674918
0.96251	0.0110397019
0.96407	0.0111124278
0.96564	0.01118567
0.9672	0.0112594376
0.96876	0.011333731
0.97033	0.0114085597
0.97189	0.0114839241
0.97345	0.0115598338
0.97502	0.0116362942
0.97658	0.0117133056
0.97814	0.0117908734
0.9797	0.0118690126
0.98126	0.011947714
0.98283	0.0120269981
0.98439	0.0121068555
0.98595	0.012187307
0.98751	0.0122683484
0.98907	0.0123499855
0.99063	0.0124322295
0.9922	0.0125150812
0.99376	0.0125985522
0.99532	0.0126826434
0.99688	0.0127673665
0.99844	0.012852728
1	0.0129387293