wl	n
0.25157	2.31717213
0.25316	2.33168536
0.25475	2.34626565
0.25634	2.36067795
0.25793	2.37467908
0.25952	2.38802531
0.26112	2.40048438
0.26271	2.41184546
0.2643	2.42192779
0.26589	2.43058781
0.26748	2.43772396
0.26907	2.44327819
0.27067	2.44723468
0.27226	2.4496167
0.27385	2.4504812
0.27544	2.44991257
0.27703	2.44801587
0.27862	2.4449101
0.28022	2.44072204
0.28181	2.43558114
0.2834	2.42961505
0.28499	2.42294624
0.28658	2.41568999
0.28818	2.40795253
0.28977	2.3998302
0.29136	2.39140949
0.29295	2.38276689
0.29454	2.37396931
0.29614	2.3650748
0.29773	2.35613305
0.29932	2.34718664
0.30091	2.33827137
0.3025	2.32941721
0.30409	2.32064883
0.30569	2.31198686
0.30728	2.30344754
0.30887	2.29504418
0.31046	2.28678728
0.31205	2.27868456
0.31365	2.27074208
0.31524	2.26296411
0.31683	2.25535349
0.31842	2.24791192
0.32001	2.24064001
0.32161	2.23353796
0.3232	2.22660502
0.32479	2.21984006
0.32638	2.21324163
0.32797	2.20680801
0.32957	2.20053745
0.33116	2.19442784
0.33275	2.18847739
0.33434	2.18268445
0.33593	2.17704736
0.33752	2.17156519
0.33912	2.16623741
0.34071	2.16106461
0.3423	2.1560493
0.34389	2.15119877
0.34548	2.14653759
0.34708	2.14204552
0.34867	2.13769101
0.35026	2.13345877
0.35185	2.12933779
0.35344	2.12531947
0.35504	2.12139667
0.35663	2.1175633
0.35822	2.11381409
0.35981	2.11014433
0.3614	2.10654969
0.36299	2.10302647
0.36459	2.09957119
0.36618	2.09618057
0.36777	2.09285183
0.36936	2.08958211
0.37095	2.08636899
0.37254	2.08321014
0.37414	2.08010332
0.37573	2.07704647
0.37732	2.07403771
0.37891	2.07107518
0.3805	2.06815721
0.3821	2.06528218
0.38369	2.06244853
0.38528	2.05965483
0.38687	2.05689966
0.38846	2.05418175
0.39005	2.05149982
0.39164	2.0488527
0.39324	2.04623925
0.39483	2.04365836
0.39642	2.04110902
0.39801	2.03859023
0.3996	2.03610099
0.40119	2.03364043
0.40279	2.03120768
0.40438	2.02880188
0.40597	2.02642218
0.40756	2.02406784
0.40915	2.02173811
0.41074	2.01943226
0.41233	2.01714956
0.41393	2.01488934
0.41552	2.01265101
0.41711	2.01043395
0.4187	2.00823747
0.42029	2.00606101
0.42188	2.00390405
0.42347	2.00176598
0.42506	1.99964634
0.42665	1.99754454
0.42825	1.9954601
0.42984	1.99339266
0.43143	1.99134156
0.43302	1.98930647
0.43461	1.98728696
0.4362	1.98528254
0.43779	1.98329279
0.43938	1.98131737
0.44097	1.9793559
0.44257	1.97740793
0.44416	1.97547316
0.44575	1.97355117
0.44734	1.97164168
0.44893	1.96974428
0.45052	1.9678587
0.45211	1.96598463
0.4537	1.96412169
0.45529	1.96226965
0.45688	1.96042814
0.45847	1.95859694
0.46006	1.95677571
0.46165	1.95496423
0.46324	1.95316225
0.46484	1.95136949
0.46643	1.94958565
0.46802	1.94781049
0.46961	1.94604388
0.4712	1.94428546
0.47279	1.94253502
0.47438	1.94079243
0.47597	1.93905737
0.47756	1.93732964
0.47915	1.93560912
0.48074	1.93389551
0.48233	1.93218866
0.48392	1.93048833
0.48551	1.92879438
0.4871	1.92710663
0.48869	1.92542489
0.49028	1.92374899
0.49187	1.9220787
0.49346	1.92041391
0.49505	1.91875441
0.49664	1.91710012
0.49823	1.91545079
0.49982	1.91380632
0.50141	1.91216656
0.503	1.91053135
0.50459	1.90890051
0.50618	1.90727398
0.50777	1.90565154
0.50936	1.9040331
0.51094	1.90241851
0.51253	1.90080761
0.51412	1.89920036
0.51571	1.89759653
0.5173	1.89599606
0.51889	1.89439883
0.52048	1.89280471
0.52207	1.89121359
0.52366	1.88962536
0.52525	1.88803986
0.52684	1.88645706
0.52843	1.88487678
0.53002	1.883299
0.5316	1.88172353
0.53319	1.8801503
0.53478	1.87857922
0.53637	1.87701019
0.53796	1.87544312
0.53955	1.87387791
0.54114	1.87231447
0.54273	1.87075271
0.54431	1.86919254
0.5459	1.86763388
0.54749	1.86607663
0.54908	1.86452071
0.55067	1.86296604
0.55226	1.86141254
0.55384	1.85986012
0.55543	1.85830872
0.55702	1.85675824
0.55861	1.85520862
0.5602	1.85365978
0.56178	1.8521117
0.56337	1.8505642
0.56496	1.84901726
0.56655	1.84747086
0.56814	1.84592483
0.56972	1.84437921
0.57131	1.84283388
0.5729	1.84128872
0.57449	1.83974377
0.57607	1.8381989
0.57766	1.83665412
0.57925	1.83510926
0.58084	1.8335643
0.58242	1.83201924
0.58401	1.83047397
0.5856	1.82892843
0.58718	1.82738256
0.58877	1.8258363
0.59036	1.82428966
0.59195	1.82274246
0.59353	1.82119477
0.59512	1.81964647
0.59671	1.81809757
0.59829	1.81654791
0.59988	1.81499753
0.60147	1.81344635
0.60305	1.8118943
0.60464	1.81034139
0.60623	1.80878748
0.60781	1.80723261
0.6094	1.80567673
0.61098	1.8041197
0.61257	1.80256157
0.61416	1.80100225
0.61574	1.79944173
0.61733	1.79787989
0.61891	1.79631676
0.6205	1.79475232
0.62209	1.79318641
0.62367	1.79161909
0.62526	1.79005032
0.62684	1.78847996
0.62843	1.78690807
0.63001	1.78533461
0.6316	1.78375948
0.63318	1.78218266
0.63477	1.78060409
0.63635	1.77902379
0.63794	1.77744167
0.63952	1.77585774
0.64111	1.77427191
0.64269	1.77268421
0.64428	1.77109453
0.64586	1.76950285
0.64745	1.76790917
0.64903	1.76631342
0.65062	1.76471561
0.6522	1.76311564
0.65379	1.76151354
0.65537	1.75990922
0.65696	1.7583027
0.65854	1.75669389
0.66012	1.75508276
0.66171	1.75346933
0.66329	1.75185356
0.66488	1.75023537
0.66646	1.74861478
0.66804	1.74699171
0.66963	1.74536611
0.67121	1.74373807
0.67279	1.7421074
0.67438	1.74047422
0.67596	1.7388384
0.67754	1.7371999
0.67913	1.73555875
0.68071	1.73391492
0.68229	1.73226832
0.68388	1.73061898
0.68546	1.72896681
0.68704	1.72731184
0.68862	1.72565404
0.69021	1.72399333
0.69179	1.72232972
0.69337	1.7206632
0.69495	1.71899368
0.69654	1.71732118
0.69812	1.71564562
0.6997	1.71396708
0.70128	1.71228538
0.70287	1.71060065
0.70445	1.70891274
0.70603	1.70722169
0.70761	1.70552747
0.70919	1.70383
0.71077	1.7021293
0.71236	1.70042535
0.71394	1.69871811
0.71552	1.69700752
0.7171	1.6952936
0.71868	1.69357632
0.72026	1.69185559
0.72184	1.69013145
0.72342	1.68840388
0.725	1.68667284
0.72659	1.6849383
0.72817	1.6832002
0.72975	1.68145861
0.73133	1.67971339
0.73291	1.67796452
0.73449	1.67621209
0.73607	1.67445601
0.73765	1.6726962
0.73923	1.67093269
0.74081	1.66916546
0.74239	1.66739449
0.74397	1.66561973
0.74555	1.66384113
0.74713	1.66205875
0.74871	1.66027247
0.75029	1.65848237
0.75186	1.65668831
0.75344	1.65489032
0.75502	1.65308839
0.7566	1.65128248
0.75818	1.64947257
0.75976	1.64765857
0.76134	1.64584058
0.76292	1.64401852
0.7645	1.64219229
0.76607	1.640362
0.76765	1.6385275
0.76923	1.63668888
0.77081	1.634846
0.77239	1.63299896
0.77396	1.6311476
0.77554	1.62929203
0.77712	1.62743215
0.7787	1.62556789
0.78028	1.62369934
0.78185	1.62182635
0.78343	1.61994902
0.78501	1.61806727
0.78659	1.616181
0.78816	1.61429032
0.78974	1.61239513
0.79132	1.61049542
0.79289	1.60859115
0.79447	1.60668231
0.79605	1.60476887
0.79762	1.60285079
0.7992	1.60092812
0.80077	1.59900072
0.80235	1.59706866
0.80393	1.59513188
0.8055	1.59319034
0.80708	1.59124402
0.80865	1.5892929
0.81023	1.58733694
0.81181	1.58537618
0.81338	1.58341053
0.81496	1.58143992
0.81653	1.57946449
0.81811	1.57748403
0.81968	1.57549865
0.82126	1.57350819
0.82283	1.57151268
0.82441	1.56951223
0.82598	1.56750669
0.82755	1.5654959
0.82913	1.56348008
0.8307	1.56145909
0.83228	1.55943302
0.83385	1.5574016
0.83543	1.55536492
0.837	1.55332308
0.83857	1.55127592
0.84015	1.54922331
0.84172	1.54716545
0.84329	1.54510232
0.84487	1.54303365
0.84644	1.54095952
0.84801	1.53888004
0.84959	1.53679506
0.85116	1.53470454
0.85273	1.53260845
0.8543	1.53050677
0.85588	1.5283996
0.85745	1.52628665
0.85902	1.52416815
0.86059	1.52204394
0.86216	1.51991412
0.86374	1.51777841
0.86531	1.51563702
0.86688	1.51348981
0.86845	1.51133674
0.87002	1.50917778
0.87159	1.50701291
0.87316	1.50484221
0.87474	1.50266554
0.87631	1.50048286
0.87788	1.49829426
0.87945	1.49609946
0.88102	1.49389869
0.88259	1.49169178
0.88416	1.48947884
0.88573	1.48725957
0.8873	1.48503419
0.88887	1.48280255
0.89044	1.48056461
0.89201	1.47832047
0.89358	1.47606997
0.89515	1.47381308
0.89672	1.47154989
0.89829	1.46928009
0.89986	1.46700393
0.90142	1.46472124
0.90299	1.46243212
0.90456	1.46013639
0.90613	1.45783403
0.9077	1.45552498
0.90927	1.45320938
0.91083	1.45088702
0.9124	1.44855788
0.91397	1.44622207
0.91554	1.4438794
0.91711	1.44152984
0.91867	1.43917349
0.92024	1.43681018
0.92181	1.43443985
0.92338	1.43206263
0.92494	1.42967833
0.92651	1.42728691
0.92808	1.42488832
0.92964	1.42248269
0.93121	1.42006996
0.93278	1.4176498
0.93434	1.41522247
0.93591	1.41278793
0.93747	1.41034584
0.93904	1.40789645
0.94061	1.40543973
0.94217	1.40297548
0.94374	1.40050366
0.9453	1.39802422
0.94687	1.39553728
0.94843	1.39304279
0.95	1.39054056
0.95156	1.38803054
0.95313	1.38551268
0.95469	1.3829871
0.95625	1.38045359
0.95782	1.37791226
0.95938	1.37536292
0.96095	1.37280567
0.96251	1.3702403
0.96407	1.36766677
0.96564	1.36508519
0.9672	1.36249535
0.96876	1.35989737
0.97033	1.35729102
0.97189	1.35467642
0.97345	1.35205337
0.97502	1.3494218
0.97658	1.34678183
0.97814	1.34413341
0.9797	1.34147616
0.98126	1.33881051
0.98283	1.33613592
0.98439	1.33345283
0.98595	1.33076069
0.98751	1.32805977
0.98907	1.32535001
0.99063	1.32263121
0.9922	1.31990345
0.99376	1.31716652
0.99532	1.31442054
0.99688	1.31166526
0.99844	1.30890062
1	1.30612675