1.051746622270179454e+00
1.048381759216360898e+00
1.038294381858955395e+00
1.031575467019342440e+00
1.030456114365818188e+00
1.033814572076690252e+00
1.038294381858955395e+00
1.045018098559394648e+00
1.048381759216360898e+00
1.048381759216360898e+00
1.042776325801435977e+00
1.034934324528102412e+00
1.024861348898393087e+00
1.014799154334038001e+00
1.010330523924014567e+00
1.009213698358706779e+00
1.010330523924014567e+00
1.010330523924014567e+00
1.010330523924014567e+00
1.009213698358706779e+00
1.008097005560913084e+00
1.003631561571475928e+00
1.001399635566588397e+00
9.269354446278394999e-01
4.975456811698496518e-01
2.566524856869323301e-01
1.757198581112643376e-01
1.482256407670929921e-01
1.380639553559621646e-01
1.238569351702092369e-01
1.076479058332341365e-01
9.854321949748001686e-02
8.843776694638516567e-02
7.330099219921804021e-02
5.718334409701086862e-02
4.712458562324162159e-02
4.209945997418940156e-02
3.707716685351447605e-02
3.607304792204213406e-02
3.607304792204213406e-02
3.205770386696127350e-02
2.904738354440683512e-02
2.603808069301383199e-02
2.503520575809803361e-02
2.503520575809803361e-02
2.403244379912894413e-02
2.102483558703760469e-02
2.202725873268163159e-02
1.902032797552410948e-02
1.801824347151459449e-02
1.701627180991838184e-02
1.801824347151459449e-02
1.601441297167516264e-02
1.601441297167516264e-02
1.601441297167516264e-02
1.300951320653220833e-02
1.401103368903067192e-02
1.300951320653220833e-02
1.300951320653220833e-02
1.100681046397433693e-02
1.200810547119346428e-02
1.200810547119346428e-02
1.200810547119346428e-02
1.200810547119346428e-02
1.100681046397433693e-02
1.200810547119346428e-02
1.100681046397433693e-02
1.100681046397433693e-02
1.000562816584360526e-02
9.004558557770492300e-03
1.100681046397433693e-02
1.100681046397433693e-02
1.000562816584360526e-02
1.100681046397433693e-02
1.000562816584360526e-02
9.004558557770492300e-03
1.000562816584360526e-02
1.000562816584360526e-02
1.000562816584360526e-02
9.004558557770492300e-03
7.002757335701437214e-03
9.004558557770492300e-03
9.004558557770492300e-03
7.002757335701437214e-03
8.003601620729328125e-03
1.000562816584360526e-02
1.000562816584360526e-02
7.002757335701437214e-03
9.004558557770492300e-03
7.002757335701437214e-03
8.003601620729328125e-03
5.001406645619432823e-03
6.002025683669143241e-03
5.001406645619432823e-03
6.002025683669143241e-03
6.002025683669143241e-03
6.002025683669143241e-03
6.002025683669143241e-03
5.001406645619432823e-03
6.002025683669143241e-03
5.001406645619432823e-03
2.000225025316049177e-03
6.002025683669143241e-03
4.000900202546397999e-03
5.001406645619432823e-03
4.000900202546397999e-03
5.001406645619432823e-03
4.000900202546397999e-03
4.000900202546397999e-03
4.000900202546397999e-03
4.000900202546397999e-03
7.002757335701437214e-03
6.002025683669143241e-03
1.000056253164349762e-03
2.000225025316049177e-03
4.000900202546397999e-03
6.002025683669143241e-03
7.002757335701437214e-03
1.000562816584360526e-02
1.200810547119346428e-02
1.300951320653220833e-02
1.000562816584360526e-02
7.002757335701437214e-03
1.000056253164349762e-03
-2.999493835415423248e-03
-3.999100202454197728e-03
1.000056253164349762e-03
5.001406645619432823e-03
7.002757335701437214e-03
1.000056253164349762e-03
2.000225025316049177e-03
3.000506335444352857e-03
2.000225025316049177e-03
3.000506335444352857e-03
3.000506335444352857e-03
3.000506335444352857e-03
3.000506335444352857e-03
3.000506335444352857e-03
7.002757335701437214e-03
7.002757335701437214e-03
5.001406645619432823e-03
5.001406645619432823e-03
4.000900202546397999e-03
4.000900202546397999e-03
4.000900202546397999e-03
4.000900202546397999e-03
4.000900202546397999e-03
3.000506335444352857e-03
4.000900202546397999e-03
4.000900202546397999e-03
3.000506335444352857e-03
4.000900202546397999e-03
3.000506335444352857e-03
3.000506335444352857e-03
3.000506335444352857e-03
4.000900202546397999e-03
3.000506335444352857e-03
3.000506335444352857e-03
3.000506335444352857e-03
2.000225025316049177e-03
1.000056253164349762e-03
1.000056253164349762e-03
2.000225025316049177e-03
2.000225025316049177e-03
1.000056253164349762e-03
1.000056253164349762e-03
1.000056253164349762e-03
1.000056253164349762e-03
1.000056253164349762e-03
1.000056253164349762e-03
1.000056253164349762e-03
1.000056253164349762e-03
1.000056253164349762e-03
1.000056253164349762e-03
5.551115123125782702e-16
5.551115123125782702e-16
5.551115123125782702e-16
5.551115123125782702e-16
-9.999437531640342769e-04
-9.999437531640342769e-04
5.551115123125782702e-16
5.551115123125782702e-16
5.551115123125782702e-16
5.551115123125782702e-16
1.000056253164349762e-03
2.000225025316049177e-03
3.000506335444352857e-03
3.000506335444352857e-03
3.000506335444352857e-03
2.000225025316049177e-03
2.000225025316049177e-03
1.000056253164349762e-03
1.000056253164349762e-03
1.000056253164349762e-03
5.551115123125782702e-16
5.551115123125782702e-16
1.000056253164349762e-03
5.551115123125782702e-16
5.551115123125782702e-16
5.551115123125782702e-16
5.551115123125782702e-16
-9.999437531640342769e-04
5.551115123125782702e-16
5.551115123125782702e-16
5.551115123125782702e-16
-9.999437531640342769e-04
-9.999437531640342769e-04
-9.999437531640342769e-04
-9.999437531640342769e-04
-9.999437531640342769e-04
-9.999437531640342769e-04
-9.999437531640342769e-04
-9.999437531640342769e-04
-9.999437531640342769e-04
-9.999437531640342769e-04
-9.999437531640342769e-04
-1.999775025309347143e-03
-1.999775025309347143e-03
-1.999775025309347143e-03
-9.999437531640342769e-04
-1.999775025309347143e-03
-9.999437531640342769e-04
-1.999775025309347143e-03
-9.999437531640342769e-04
-9.999437531640342769e-04
-9.999437531640342769e-04
-9.999437531640342769e-04
-9.999437531640342769e-04
-9.999437531640342769e-04
-9.999437531640342769e-04
1.000056253164349762e-03
2.000225025316049177e-03
1.000056253164349762e-03
1.000056253164349762e-03
2.000225025316049177e-03
2.000225025316049177e-03
2.000225025316049177e-03
1.000056253164349762e-03
1.000056253164349762e-03
2.000225025316049177e-03
3.000506335444352857e-03
4.000900202546397999e-03
4.000900202546397999e-03
3.000506335444352857e-03
4.000900202546397999e-03
4.000900202546397999e-03
3.000506335444352857e-03
4.000900202546397999e-03
2.000225025316049177e-03
2.000225025316049177e-03
1.000056253164349762e-03
1.000056253164349762e-03
1.000056253164349762e-03
5.551115123125782702e-16
1.000056253164349762e-03
1.000056253164349762e-03
5.551115123125782702e-16
5.551115123125782702e-16
5.551115123125782702e-16
5.551115123125782702e-16
-9.999437531640342769e-04
-9.999437531640342769e-04
-9.999437531640342769e-04
-9.999437531640342769e-04
-9.999437531640342769e-04
-9.999437531640342769e-04
-9.999437531640342769e-04
-1.999775025309347143e-03
-9.999437531640342769e-04
-9.999437531640342769e-04
5.551115123125782702e-16
5.551115123125782702e-16
5.551115123125782702e-16
-9.999437531640342769e-04
5.551115123125782702e-16
-9.999437531640342769e-04
-9.999437531640342769e-04
5.551115123125782702e-16
5.551115123125782702e-16
1.000056253164349762e-03
5.551115123125782702e-16
1.000056253164349762e-03
2.000225025316049177e-03
4.000900202546397999e-03
5.001406645619432823e-03
6.002025683669143241e-03
7.002757335701437214e-03
1.000562816584360526e-02
1.401103368903067192e-02
2.102483558703760469e-02
3.306137016837540354e-02
4.611933377614640950e-02
6.121002690481724962e-02
6.826109870253738166e-02
6.423123243677220096e-02
5.416452474390986982e-02
4.410917019623616930e-02
3.707716685351447605e-02
3.205770386696127350e-02
2.704106862297195324e-02
2.403244379912894413e-02
2.403244379912894413e-02
2.403244379912894413e-02
2.302979479701927623e-02
2.102483558703760469e-02
2.002252534100845693e-02
1.902032797552410948e-02
1.902032797552410948e-02
1.801824347151459449e-02
1.601441297167516264e-02
1.501266693772873584e-02
1.300951320653220833e-02
1.200810547119346428e-02
1.200810547119346428e-02
1.200810547119346428e-02
1.000562816584360526e-02
1.000562816584360526e-02
1.000562816584360526e-02
1.000562816584360526e-02
1.200810547119346428e-02
1.100681046397433693e-02
2.403244379912894413e-02
8.003601620729328125e-03
1.501266693772873584e-02
1.701627180991838184e-02
6.002025683669143241e-03
2.102483558703760469e-02
8.003601620729328125e-03
5.001406645619432823e-03
2.202725873268163159e-02
-1.999775025309347143e-03
9.004558557770492300e-03
2.202725873268163159e-02
-1.999775025309347143e-03
1.801824347151459449e-02
1.902032797552410948e-02
-3.999100202454197728e-03
2.503520575809803361e-02
1.902032797552410948e-02
-1.999775025309347143e-03
3.005071057409447466e-02
1.902032797552410948e-02
2.000225025316049177e-03
3.506904217678596947e-02
1.701627180991838184e-02
1.000056253164349762e-03
3.707716685351447605e-02
1.300951320653220833e-02
-3.999100202454197728e-03
4.009020295665266520e-02
1.801824347151459449e-02
-9.999437531640342769e-04
4.109477482443968377e-02
1.601441297167516264e-02
-1.598561294834599522e-02
3.205770386696127350e-02
2.202725873268163159e-02
-2.197280864929651578e-02
2.302979479701927623e-02
3.607304792204213406e-02
-2.197280864929651578e-02
6.002025683669143241e-03
4.511419530687055257e-02
-1.299050069636575877e-02
-1.299050069636575877e-02
4.511419530687055257e-02
1.000562816584360526e-02
-2.496489311905092379e-02
3.607304792204213406e-02
4.109477482443968377e-02
-1.897971542913534648e-02
1.100681046397433693e-02
5.617695741586026248e-02
4.000900202546397999e-03
-9.994378162282879785e-03
5.517068430456695260e-02
4.712458562324162159e-02
-9.994378162282879785e-03
2.403244379912894413e-02
6.322405022799570951e-02
1.000562816584360526e-02
-4.998594145395829358e-03
6.523852836935084554e-02
7.834373312910369869e-02
2.904738354440683512e-02
6.020318575191330179e-02
1.340025062498819697e-01
1.066358160532181465e-01
4.009020295665266520e-02
6.926884972298819054e-02
1.096724290808022140e-01
7.128469324364161697e-02
4.009020295665266520e-02
7.834373312910369869e-02
8.641804730383262356e-02
2.603808069301383199e-02
2.403244379912894413e-02
9.045794333814904942e-02
8.540835871510632504e-02
1.300951320653220833e-02
5.001406645619432823e-03
6.322405022799570951e-02
6.523852836935084554e-02
1.300951320653220833e-02
2.804416956706856645e-02
1.015770848130942428e-01
1.137228508708475472e-01
7.128469324364161697e-02
8.641804730383262356e-02
1.492424433408129358e-01
1.604348895433542754e-01
1.258851298190407642e-01
1.279137840951303229e-01
1.675646347772322686e-01
1.747000498602029328e-01
1.238569351702092369e-01
1.025886021045754326e-01
1.441595836509934614e-01
1.685836324977764145e-01
1.309576276522071980e-01
1.015770848130942428e-01
1.411112511024316118e-01
1.828617613073103554e-01
1.583988599317731616e-01
1.218291999924487889e-01
1.482256407670929921e-01
2.094386512960282332e-01
2.186566786455435007e-01
1.675646347772322686e-01
1.340025062498819697e-01
1.594168169607388386e-01
1.879666005583418009e-01
1.716413201236839381e-01
1.309576276522071980e-01
1.309576276522071980e-01
1.675646347772322686e-01
1.787799781575308833e-01
1.441595836509934614e-01
1.208155046564305390e-01
1.461923816125282327e-01
1.777598222401782779e-01
1.655269864500009680e-01
1.258851298190407642e-01
1.208155046564305390e-01
1.563632924561022541e-01
1.808206377968168965e-01
1.685836324977764145e-01
1.675646347772322686e-01
2.196814871525567536e-01
2.989437828081910054e-01
3.041148313192510999e-01
2.360943110643874965e-01
1.645083358039022281e-01
1.431433575685790993e-01
1.533108074032980550e-01
1.502593612716582872e-01
1.127100734628159184e-01
8.338932390598563504e-02
9.449966698920531094e-02
1.258851298190407642e-01
1.370484204161845909e-01
1.086601101692782345e-01
7.834373312910369869e-02
8.439878425560798370e-02
1.208155046564305390e-01
1.360330005982934853e-01
1.116974107081093459e-01
7.430931251333738885e-02
7.027671456359452229e-02
9.551038361242947250e-02
1.228430101572046684e-01
1.268993994939132675e-01
1.036002338548968060e-01
7.229278578241926656e-02
7.330099219921804021e-02
9.955439352896411354e-02
1.076479058332341365e-01
9.854321949748001686e-02
7.531774674407665238e-02
6.221698172376233238e-02
7.531774674407665238e-02
