230.0   0.006047147714   0.245377552641
235.0   0.00563905668211   0.245377345653
240.0   0.00523096592446   0.245377153121
245.0   0.00523096592446   0.245377153121
250.0   0.0048228754212   0.245376975045
255.0   0.00444472417335   0.251393840518
260.0   0.00494603582319   0.254191068501
265.0   0.00548827517714   0.255289681576
270.0   0.00948642815426   0.257270722491
275.0   0.0188187883902   0.2614485047
280.0   0.0334471245599   0.267794895039
285.0   0.0499449028629   0.271861090621
290.0   0.0658166221284   0.266608866894
295.0   0.0833553900323   0.245465136981
300.0   0.10486567726   0.212244617781
305.0   0.134987756577   0.174296271325
310.0   0.176291336087   0.139173625977
315.0   0.230742772309   0.113832166076
320.0   0.295806502792   0.103292702184
325.0   0.363465653564   0.109233687425
330.0   0.426312146472   0.125821643368
335.0   0.480611328624   0.144593017492
340.0   0.524329098151   0.160811201883
345.0   0.561730042118   0.173891576162
350.0   0.590734642812   0.181601653951
355.0   0.617566791186   0.187101597708
360.0   0.637357284337   0.190578750045
365.0   0.658310654667   0.192363396786
370.0   0.673051026506   0.192206140626
375.0   0.68596016402   0.191164307265
380.0   0.699915221541   0.189499848782
385.0   0.708651182674   0.186761105514
390.0   0.718322931471   0.183768457243
395.0   0.726281442191   0.180527406054
400.0   0.733620515859   0.176762554989
405.0   0.740129334997   0.172757595635
410.0   0.745910294431   0.168541909261
415.0   0.752325532737   0.164144109698
420.0   0.757150747278   0.159678584057
425.0   0.763140650982   0.155410101173
430.0   0.769844237124   0.15126025965
435.0   0.772364253082   0.1468783139
440.0   0.777128808116   0.142724634161
445.0   0.779832127317   0.138784033144
450.0   0.783984946191   0.135053969331
455.0   0.785423837985   0.13131691846
460.0   0.789889056146   0.127980861777
465.0   0.792426843843   0.124708293758
470.0   0.79635849691   0.121788274257
475.0   0.798234351024   0.119077459846
480.0   0.799871709742   0.116626118679
485.0   0.801259451769   0.114389891111
490.0   0.803207159034   0.112496296109
495.0   0.802475620434   0.110675241439
500.0   0.80556676344   0.109439859099
505.0   0.805972274611   0.108285860034
510.0   0.804462470198   0.107328873191
515.0   0.805149975932   0.106833192537
520.0   0.803944237113   0.106512233529
525.0   0.803344973628   0.106487136913
530.0   0.804130423948   0.106858486291
535.0   0.803065795171   0.107358512931
540.0   0.799315982399   0.107963476065
545.0   0.79942812603   0.109092912779
550.0   0.797683800154   0.110369180673
555.0   0.796536219532   0.111944954031
560.0   0.794367043979   0.11370575816
565.0   0.792791085657   0.115765241697
570.0   0.787808960429   0.11782506307
575.0   0.785032440454   0.120292666239
580.0   0.782885505917   0.123008511151
585.0   0.779838692165   0.125791143589
590.0   0.776643072919   0.128747415464
595.0   0.773172940129   0.132018846987
600.0   0.76797065016   0.135378243529
605.0   0.765102523752   0.138926381757
610.0   0.760521889607   0.142550886261
615.0   0.755839423703   0.146305737888
620.0   0.753335258738   0.150374695161
625.0   0.747640812463   0.154379831624
630.0   0.745659567878   0.158760910429
635.0   0.741108383935   0.163312569354
640.0   0.734210849152   0.167828845334
645.0   0.731131457974   0.17253335878
650.0   0.724976878631   0.177153027564
655.0   0.720980359131   0.182005598991
660.0   0.716888519814   0.186964177317
665.0   0.712731778877   0.191989716267
670.0   0.706321322542   0.196971515628
675.0   0.702745577706   0.2022089729
680.0   0.696964087495   0.207369080589
685.0   0.693451471358   0.21251883102
690.0   0.687061864045   0.217549065406
695.0   0.6818702354   0.222922818611
700.0   0.677330558442   0.228395492479
705.0   0.672758978036   0.233896876074
710.0   0.664726549415   0.239241051644
715.0   0.659424242434   0.244786562497
720.0   0.654790280919   0.250380255736
725.0   0.649458523866   0.255965584626
730.0   0.643445753076   0.261543859908
735.0   0.638304056491   0.266929399039
740.0   0.633806615583   0.272370316574
745.0   0.627800197374   0.277981930336
750.0   0.623105542525   0.283648422557
755.0   0.617124068583   0.289256705282
760.0   0.611788860937   0.294905000675
765.0   0.606669680368   0.300305714733
770.0   0.602802766503   0.305771437855
775.0   0.597496832824   0.311393579556
780.0   0.590994303053   0.31692401645
785.0   0.585933140389   0.322286780696
790.0   0.581489540208   0.327670626988
795.0   0.576279193969   0.333211988589
800.0   0.570500796874   0.338704736283
805.0   0.565929402509   0.344237475009
810.0   0.561380548432   0.349735714521
815.0   0.555882711241   0.354934757565
820.0   0.550419475637   0.360114799393
825.0   0.546087198675   0.365369894806
830.0   0.541219071645   0.370559487119
835.0   0.536938013593   0.375748991262
840.0   0.531018734949   0.38083693709
845.0   0.526256958427   0.38592677923
850.0   0.520983832508   0.390963957437
855.0   0.516291414334   0.395995929168
860.0   0.512172345785   0.401008690667
865.0   0.507553066534   0.40595804723
870.0   0.502443660747   0.410853074939
875.0   0.498420079359   0.415757797353
880.0   0.494947636775   0.420632165666
885.0   0.492516847937   0.425513284675
890.0   0.487044691742   0.430232069096
895.0   0.482134806597   0.434927623129
900.0   0.477773303067   0.439599910184
905.0   0.473449493193   0.444236172919
910.0   0.468184464357   0.448797495213
915.0   0.463952311499   0.453345344349
920.0   0.460240098735   0.457873334903
925.0   0.457034905535   0.462381729129
930.0   0.452907440345   0.466811978178
935.0   0.448824081434   0.471191676676
940.0   0.444314669393   0.475516434952
945.0   0.440312607878   0.479821035634
950.0   0.436351867464   0.484080952363
955.0   0.43243322646   0.488294154646
960.0   0.428104310566   0.492453440006
965.0   0.424711255167   0.496607024667
970.0   0.420910999276   0.500698102924
975.0   0.417151281877   0.50474517128
980.0   0.413429557843   0.508754617345
985.0   0.409745669511   0.512726509748
990.0   0.406528768928   0.516666372102
995.0   0.402498998095   0.520534979992
1000.0   0.39893256762   0.524380956104
1005.0   0.39540317996   0.528189983652
1010.0   0.391913419502   0.531953909984
1015.0   0.388461961628   0.535676201598
1020.0   0.385046823095   0.539362190428
1025.0   0.381667748819   0.543012065871
1030.0   0.378326564101   0.546619447455
1035.0   0.375022865729   0.550185038571
1040.0   0.37175440398   0.553715294113
1045.0   0.368520893997   0.557210442282
1050.0   0.365323223765   0.560666747126
1055.0   0.362162345154   0.56408031329
1060.0   0.359035518598   0.567459644951
1065.0   0.355942438927   0.57080499824
1070.0   0.352882959425   0.574116049543
1075.0   0.349859649296   0.577382688128
1080.0   0.346869140325   0.580616286014
1085.0   0.343548429157   0.583806763636
1090.0   0.34098525381   0.586985462817
1095.0   0.338093183429   0.590114034282
1100.0   0.335587362089   0.593217176726
1105.0   0.332755985359   0.596278803603
1110.0   0.329955502943   0.5993092216
1115.0   0.327186168393   0.60230628959
1120.0   0.32444900846   0.605264677671
1125.0   0.321402118349   0.608183807225
1130.0   0.318390362828   0.611073334858
1135.0   0.315747406211   0.613942282225
1140.0   0.31346626944   0.616783637539
1145.0   0.310880295376   0.619584118564
1150.0   0.308322582046   0.622355985371
1155.0   0.305792809002   0.625099531622
1160.0   0.303290733997   0.627814669407
1165.0   0.300817826928   0.630492850473
1170.0   0.298371905083   0.633143706823
1175.0   0.295639274149   0.635759860635
1180.0   0.293248852902   0.638357060432
1185.0   0.291193429988   0.6409324494
1190.0   0.289466259985   0.643482365244
1195.0   0.286843759167   0.645984437361
1200.0   0.284552553176   0.648468342141
1205.0   0.282286201306   0.650927039918
1210.0   0.279748416219   0.653349858418
1215.0   0.277534654674   0.65575031841
1220.0   0.275929107983   0.658139806115
1225.0   0.273758448419   0.660491792746
1230.0   0.27132350429   0.662813612467
1235.0   0.268916798818   0.665107736913
1240.0   0.266821149793   0.66738115146
1245.0   0.264748015458   0.669631743044
1250.0   0.262976116157   0.671865820957
1255.0   0.260945075493   0.674071454581
1260.0   0.258936287882   0.676251100655
1265.0   0.256949523219   0.67840481649
1270.0   0.254983939321   0.680537091739
1275.0   0.2530392729   0.682648174877
1280.0   0.251115263706   0.684738311931
1285.0   0.24894727382   0.686799663246
1290.0   0.247066731595   0.688840930127
1295.0   0.245206066499   0.690862066872
1300.0   0.243623923442   0.692868499517
1305.0   0.242057409498   0.694855120985
1310.0   0.239996051343   0.696811430141
1315.0   0.238211406849   0.698746777418
1320.0   0.236696909594   0.700668132315
1325.0   0.234947583994   0.702565854974
1330.0   0.233216498289   0.704445133081
1335.0   0.231503423802   0.706306183575
1340.0   0.229808644454   0.7081439633
1345.0   0.228131626781   0.709962003169
1350.0   0.226471955769   0.711762536886
1355.0   0.224829413742   0.713545770764
1360.0   0.223203785971   0.715311908553
1365.0   0.221595009492   0.717059394272
1370.0   0.219769117802   0.718780728876
1375.0   0.218195221702   0.720489935507
1380.0   0.216406649849   0.722178812932
1385.0   0.215095441567   0.723859865677
1390.0   0.213569157844   0.725520969003
1395.0   0.212058682938   0.727161921146
1400.0   0.210563664649   0.728785177022
1405.0   0.209083743312   0.730393218332
1410.0   0.20761873046   0.731986223899
1415.0   0.205948647356   0.733560652932
1420.0   0.204077934153   0.735116846838
1425.0   0.202661411483   0.736659668703
1430.0   0.201259048087   0.738187952655
1435.0   0.199870651224   0.739702133467
1440.0   0.198496047543   0.741202376076
1445.0   0.19713506609   0.742688843314
1450.0   0.195997084144   0.744164187367
1455.0   0.194453694423   0.745613893792
1460.0   0.193339637035   0.747057014885
1465.0   0.192235829241   0.748486977618
1470.0   0.190938114491   0.749900740693
1475.0   0.189653075591   0.751301733453
1480.0   0.188581959157   0.752692014707
1485.0   0.187320769017   0.754061744268
1490.0   0.18607181263   0.755419211045
1495.0   0.184834940199   0.756764556592
1500.0   0.183413881853   0.758094972234
1505.0   0.182202011818   0.759416531444
1510.0   0.181195389202   0.760728487719
1515.0   0.180005628202   0.762020784959
1520.0   0.179209524981   0.763307310346
1525.0   0.178039912775   0.764576915036
1530.0   0.176692706847   0.765832673813
1535.0   0.175733916031   0.767082905617
1540.0   0.174597264514   0.768319543278
1545.0   0.173471508228   0.769540035695
1550.0   0.172356363873   0.770749598665
1555.0   0.171251692415   0.771948726176
1560.0   0.170157368261   0.773137536197
1565.0   0.169073267576   0.774316145151
1570.0   0.167999268251   0.77548466793
1575.0   0.166935337365   0.776639764746
1580.0   0.16588132858   0.77778288094
1585.0   0.164837070821   0.778916306799
1590.0   0.163802448373   0.780040150677
1595.0   0.16260346967   0.781152206889
1600.0   0.161588846974   0.782257234966
1605.0   0.160583529582   0.783352112431
1610.0   0.159587483679   0.784433267467
1615.0   0.158430890439   0.785503221183
1620.0   0.157622516132   0.786568666085
1625.0   0.156485813071   0.787620963354
1630.0   0.155526455113   0.788666721856
1635.0   0.154575747747   0.78970386661
1640.0   0.153633635221   0.790729436565
1645.0   0.152536472282   0.791742323406
1650.0   0.151612184693   0.792748995279
1655.0   0.15085774155   0.793749468465
1660.0   0.150109564089   0.794741796081
1665.0   0.149048138009   0.795722174635
1670.0   0.148155351518   0.796696596805
1675.0   0.14742832584   0.797660680995
1680.0   0.146550355646   0.798614367271
1685.0   0.145524128248   0.799558581093
1690.0   0.144662425473   0.80049713448
1695.0   0.143962424092   0.801430042455
1700.0   0.142961550624   0.802351952541
1705.0   0.142122208385   0.803268375526
1710.0   0.141138717211   0.804170865738
1715.0   0.140465370015   0.805069690928
1720.0   0.139647682336   0.805959753097
1725.0   0.138688172483   0.806841186496
1730.0   0.137885351029   0.807717455337
1735.0   0.137089412147   0.808586926373
1740.0   0.136300278929   0.809449670948
1745.0   0.135663397781   0.810302558925
1750.0   0.134886847862   0.811147187895
1755.0   0.134116890866   0.811985348055
1760.0   0.13306736755   0.812813997972
1765.0   0.132454210337   0.813640992564
1770.0   0.131704393533   0.814460163909
1775.0   0.131101544671   0.815274633388
1780.0   0.130223591969   0.816075988212
1785.0   0.129492474614   0.816871993367
1790.0   0.128905795161   0.817663483056
1795.0   0.128048472098   0.818446158674
1800.0   0.127335454543   0.819224440207
1805.0   0.126628339321   0.81999693398
1810.0   0.125927062405   0.820763698799
1815.0   0.125097000929   0.821520949022
1820.0   0.12467560811   0.822274520722
1825.0   0.124523478267   0.823025226912
1830.0   0.123708824418   0.823763688876
1835.0   0.123296546238   0.824500745061
1840.0   0.122624750808   0.82522978181
1845.0   0.121958406549   0.825953525847
1850.0   0.12116775834   0.826670401982
1855.0   0.120512819443   0.827379181473
1860.0   0.1198631585   0.828082868087
1865.0   0.118963532647   0.828779037572
1870.0   0.118325614838   0.82947271547
1875.0   0.117945287456   0.830163871544
1880.0   0.117441800727   0.830848884669
1885.0   0.116442256622   0.831524279555
1890.0   0.11570018991   0.832195210556
1895.0   0.115335049038   0.83286255217
1900.0   0.114480406349   0.83352059188
1905.0   0.113755459901   0.834175197076
1910.0   0.113279777083   0.834827493108
1915.0   0.112686521277   0.835474125186
1920.0   0.111977536352   0.836115172109
1925.0   0.111394135708   0.836752884138
1930.0   0.110815255667   0.83738313502
1935.0   0.110122366941   0.838006706643
1940.0   0.10943516719   0.838626023581
1945.0   0.108870839124   0.839242164786
1950.0   0.108544222484   0.839856168455
1955.0   0.107871270658   0.840462914225
1960.0   0.107550320139   0.841068592449
1965.0   0.107001385048   0.841668150951
1970.0   0.106227902778   0.84225839014
1975.0   0.105802200287   0.842846688543
1980.0   0.105266258798   0.843430071275
1985.0   0.104734382499   0.844009563989
1990.0   0.104318622438   0.844586153667
1995.0   0.104017329433   0.845159850726
2000.0   0.103606788062   0.845728795727
2005.0   0.102978073269   0.846292123388
2010.0   0.102244427479   0.846847997571
2015.0   0.101516869787   0.847398953832
2020.0   0.101012844948   0.847948127589
2025.0   0.100620818541   0.848494611682
2030.0   0.10001601322   0.849035782398
2035.0   0.0996303231085   0.849575196439
2040.0   0.0992472514143   0.850111116101
2045.0   0.0988667736493   0.850643573188
2050.0   0.0983831526526   0.851170025037
2055.0   0.0980082474335   0.851691613698
2060.0   0.0975311639554   0.852209038468
2065.0   0.0966409924028   0.852719895049
2070.0   0.0958621356743   0.853228377863
2075.0   0.0957081056852   0.853738483128
2080.0   0.0953493576046   0.854243755677
2085.0   0.0945844987304   0.854742692768
2090.0   0.0942323510295   0.855241645496
2095.0   0.0939836575105   0.855734295802
2100.0   0.0935349398015   0.856222304238
2105.0   0.0930894407037   0.856707284683
2110.0   0.0928466643094   0.857190767625
2115.0   0.092307264192   0.857669011969
2120.0   0.0915743647628   0.85814284992
2125.0   0.0908475191993   0.858613813558
2130.0   0.090517757192   0.859084800221
2135.0   0.0900927481767   0.859550683228
2140.0   0.089767632442   0.860012055645
2145.0   0.0894446101886   0.860470625032
2150.0   0.0889315690453   0.860925025664
2155.0   0.0883268021157   0.861376010663
2160.0   0.0876317076331   0.861823627013
2165.0   0.0871314128691   0.862269930909
2170.0   0.0868231469538   0.86271490284
2175.0   0.0864230774398   0.863156553121
2180.0   0.0859324519333   0.86359263621
2185.0   0.0853525836133   0.864023983306
2190.0   0.0849619942604   0.864454080653
2195.0   0.0844821067521   0.864881014475
2200.0   0.0838226821124   0.865304200786
2205.0   0.0833506560244   0.865726173143
2210.0   0.0827914342552   0.866145077948
2215.0   0.0824169040884   0.866562769269
2220.0   0.0819551139525   0.866977433524
2225.0   0.0814966544847   0.867387346787
2230.0   0.0810415036626   0.867793535574
2235.0   0.0803240660794   0.868195657829
2240.0   0.0800529049578   0.868598379313
2245.0   0.0798711595666   0.868999362601
2250.0   0.0796903332993   0.869398047945
2255.0   0.0794233648331   0.869793891138
2260.0   0.0788980543804   0.870185809575
2265.0   0.0785491462239   0.870576627368
2270.0   0.0783743236836   0.87096459195
2275.0   0.0781148052875   0.871347916977
2280.0   0.0776865036549   0.871728013421
2285.0   0.0775156109712   0.872107597684
2290.0   0.0771766289624   0.872483996625
2295.0   0.0768398817567   0.87285830521
2300.0   0.0766728234341   0.873231583553
2305.0   0.0762563803407   0.873601234785
2310.0   0.0760088862005   0.873969880294
2315.0   0.0756801671663   0.874335513364
2320.0   0.0751889617523   0.874695034906
2325.0   0.0748651975323   0.875053608894
2330.0   0.0746251315352   0.875410729194
2335.0   0.0742239604623   0.875764926053
2340.0   0.0737446962882   0.876116728156
2345.0   0.0735909911199   0.876468569895
2350.0   0.0733577802223   0.876818030005
2355.0   0.0728064375535   0.877163712701
2360.0   0.0724181979827   0.877508500743
2365.0   0.0720326070016   0.877849380278
2370.0   0.0718072534548   0.878187949789
2375.0   0.0716617079686   0.878525180204
2380.0   0.0712822345437   0.878859259533
2385.0   0.0709053411821   0.879191585102
2390.0   0.070453517099   0.879521725763
2395.0   0.0700820537115   0.879850587845
2400.0   0.0696363010954   0.880177300112
2405.0   0.0693466376931   0.88050318217
2410.0   0.0689826415965   0.880826940143
2415.0   0.0686134973347   0.881146054569
2420.0   0.0681789121363   0.881462653003
2425.0   0.0677473965731   0.881777635299
2430.0   0.0671693649421   0.882090193865
2435.0   0.0671169100314   0.882404019068
2440.0   0.0668418122247   0.882715018428
2445.0   0.0665684175763   0.883024433823
2450.0   0.0662231210524   0.883331879761
2455.0   0.0657335982591   0.883636986336
2460.0   0.0653934755731   0.883941343638
2465.0   0.0649103711939   0.884240335345
2470.0   0.0647922438814   0.884539461856
2475.0   0.0642424716476   0.884834816813
2480.0   0.0640551933837   0.885130591326
2485.0   0.0637260928892   0.885424148673
2490.0   0.0635413853624   0.885716990891
2495.0   0.0630743275617   0.886006919619