# Wavelength(nm) T fR bR
210 0.0060 0.1508 0.0011
215 0.0078 0.1505 0.0011
220 0.0082 0.1479 0.0011
225 0.0074 0.1435 0.0011
230 0.0062 0.1382 0.0011
235 0.0044 0.1326 0.0010
240 0.0035 0.1274 0.0010
245 0.0037 0.1232 0.0010
250 0.0057 0.1205 0.0010
255 0.0087 0.1193 0.0011
260 0.0124 0.1184 0.0012
265 0.0157 0.1149 0.0014
270 0.0167 0.1053 0.0015
275 0.0166 0.0879 0.0015
280 0.0164 0.0673 0.0014
285 0.0173 0.0484 0.0014
290 0.0190 0.0348 0.0013
295 0.0218 0.0286 0.0013
300 0.0250 0.0305 0.0013
305 0.0300 0.0388 0.0013
310 0.0336 0.0496 0.0013
315 0.0807 0.0592 0.0027
320 0.3620 0.0663 0.0331
325 0.5375 0.0713 0.0692
330 0.6035 0.0730 0.0853
335 0.6327 0.0737 0.0909
340 0.6489 0.0736 0.0924
345 0.6675 0.0726 0.0942
350 0.6875 0.0709 0.0958
355 0.7021 0.0691 0.0956
360 0.7175 0.0672 0.0952
365 0.7365 0.0649 0.0955
370 0.7564 0.0626 0.0958
375 0.7716 0.0604 0.0947
380 0.7821 0.0581 0.0924
385 0.7926 0.0560 0.0902
390 0.7994 0.0540 0.0872
395 0.8050 0.0521 0.0841
400 0.8136 0.0504 0.0818
405 0.8208 0.0488 0.0795
410 0.8277 0.0475 0.0773
415 0.8325 0.0464 0.0750
420 0.8361 0.0456 0.0728
425 0.8401 0.0450 0.0710
430 0.8453 0.0447 0.0697
435 0.8466 0.0447 0.0681
440 0.8509 0.0449 0.0673
445 0.8531 0.0454 0.0666
450 0.8549 0.0462 0.0661
455 0.8544 0.0472 0.0656
460 0.8562 0.0485 0.0659
465 0.8558 0.0501 0.0662
470 0.8550 0.0519 0.0667
475 0.8565 0.0539 0.0680
480 0.8540 0.0563 0.0690
485 0.8530 0.0588 0.0705
490 0.8507 0.0615 0.0722
495 0.8499 0.0645 0.0744
500 0.8461 0.0677 0.0764
505 0.8429 0.0710 0.0788
510 0.8394 0.0746 0.0814
515 0.8357 0.0782 0.0843
520 0.8326 0.0821 0.0875
525 0.8276 0.0861 0.0905
530 0.8241 0.0902 0.0941
535 0.8197 0.0945 0.0976
540 0.8160 0.0989 0.1015
545 0.8122 0.1035 0.1055
550 0.8058 0.1082 0.1090
555 0.8009 0.1130 0.1131
560 0.7968 0.1179 0.1175
565 0.7910 0.1229 0.1215
570 0.7867 0.1280 0.1261
575 0.7823 0.1332 0.1309
580 0.7762 0.1385 0.1352
585 0.7709 0.1439 0.1399
590 0.7656 0.1493 0.1446
595 0.7609 0.1548 0.1497
600 0.7570 0.1603 0.1552
605 0.7500 0.1659 0.1595
610 0.7444 0.1715 0.1645
615 0.7404 0.1772 0.1702
620 0.7340 0.1829 0.1750
625 0.7270 0.1886 0.1794
630 0.7213 0.1944 0.1846
635 0.7179 0.2002 0.1909
640 0.7108 0.2060 0.1953
645 0.7066 0.2118 0.2014
650 0.7002 0.2176 0.2062
655 0.6966 0.2235 0.2128
660 0.6903 0.2293 0.2177
665 0.6853 0.2351 0.2235
670 0.6790 0.2409 0.2284
675 0.6734 0.2467 0.2337
680 0.6677 0.2526 0.2390
685 0.6621 0.2583 0.2444
690 0.6572 0.2641 0.2502
695 0.6510 0.2699 0.2550
700 0.6461 0.2756 0.2608
705 0.6425 0.2814 0.2677
710 0.6345 0.2871 0.2709
715 0.6303 0.2927 0.2773
720 0.6242 0.2984 0.2820
725 0.6194 0.3040 0.2878
730 0.6134 0.3096 0.2924
735 0.6087 0.3151 0.2982
740 0.6034 0.3207 0.3034
745 0.5981 0.3261 0.3085
750 0.5929 0.3316 0.3136
755 0.5859 0.3370 0.3168
760 0.5814 0.3424 0.3225
765 0.5792 0.3477 0.3308
770 0.5735 0.3530 0.3352
775 0.5673 0.3583 0.3388
780 0.5612 0.3635 0.3424
785 0.5557 0.3687 0.3466
790 0.5491 0.3738 0.3493
795 0.5431 0.3789 0.3526
800 0.5378 0.3840 0.3566
805 0.5347 0.3890 0.3635
810 0.5315 0.3940 0.3704
815 0.5300 0.3989 0.3796
820 0.5275 0.4038 0.3873
825 0.5233 0.4086 0.3928
830 0.5161 0.4134 0.3935
835 0.5095 0.4182 0.3949
840 0.5040 0.4229 0.3978
845 0.5026 0.4276 0.4070
850 0.4977 0.4322 0.4107
855 0.4928 0.4368 0.4142
860 0.4890 0.4413 0.4194
865 0.4842 0.4458 0.4229
870 0.4800 0.4503 0.4272
875 0.4758 0.4547 0.4314
880 0.4716 0.4590 0.4356
885 0.4675 0.4633 0.4397
890 0.4616 0.4676 0.4403
895 0.4576 0.4718 0.4443
900 0.4545 0.4760 0.4501
905 0.4506 0.4802 0.4541
910 0.4471 0.4843 0.4590
915 0.4433 0.4883 0.4629
920 0.4394 0.4924 0.4667
925 0.4357 0.4963 0.4706
930 0.4319 0.5003 0.4744
935 0.4286 0.5042 0.4791
940 0.4245 0.5080 0.4819
945 0.4209 0.5119 0.4855
950 0.4178 0.5156 0.4902
955 0.4138 0.5194 0.4928
960 0.4107 0.5231 0.4974
965 0.4072 0.5267 0.5009
970 0.4038 0.5303 0.5044
975 0.4000 0.5339 0.5069
980 0.3970 0.5375 0.5113
985 0.3937 0.5410 0.5147
990 0.3904 0.5444 0.5181
995 0.3875 0.5479 0.5225
1000 0.3847 0.5513 0.5268
1005 0.3815 0.5546 0.5301
1010 0.3779 0.5580 0.5323
1015 0.3748 0.5612 0.5355
1020 0.3721 0.5645 0.5397
1025 0.3691 0.5677 0.5429
1030 0.3660 0.5709 0.5460
1035 0.3630 0.5740 0.5491
1040 0.3601 0.5772 0.5521
1045 0.3571 0.5802 0.5551
1050 0.3542 0.5833 0.5581
1055 0.3514 0.5863 0.5611
1060 0.3485 0.5893 0.5640
1065 0.3457 0.5923 0.5669
1070 0.3433 0.5952 0.5709
1075 0.3406 0.5981 0.5737
1080 0.3378 0.6009 0.5765
1085 0.3352 0.6038 0.5793
1090 0.3328 0.6066 0.5832
1095 0.3302 0.6093 0.5860
1100 0.3273 0.6121 0.5875
1105 0.3247 0.6148 0.5901
1110 0.3221 0.6175 0.5928
1115 0.3196 0.6201 0.5954
1120 0.3168 0.6227 0.5968
1125 0.3140 0.6253 0.5981
1130 0.3113 0.6279 0.5995
1135 0.3089 0.6305 0.6020
1140 0.3065 0.6330 0.6044
1145 0.3044 0.6355 0.6081
1150 0.3021 0.6379 0.6105
1155 0.3001 0.6404 0.6141
1160 0.2978 0.6428 0.6165
1165 0.2955 0.6452 0.6189
1170 0.2936 0.6475 0.6224
1175 0.2914 0.6499 0.6247
1180 0.2889 0.6522 0.6258
1185 0.2870 0.6545 0.6293
1190 0.2849 0.6567 0.6315
1195 0.2827 0.6590 0.6337
1200 0.2806 0.6612 0.6359
1205 0.2788 0.6634 0.6394
1210 0.2765 0.6656 0.6402
1215 0.2744 0.6677 0.6424
1220 0.2724 0.6698 0.6445
1225 0.2707 0.6720 0.6478
1230 0.2687 0.6740 0.6499
1235 0.2668 0.6761 0.6520
1240 0.2648 0.6782 0.6540
1245 0.2629 0.6802 0.6560
1250 0.2610 0.6822 0.6580
1255 0.2591 0.6842 0.6599
1260 0.2573 0.6861 0.6619
1265 0.2554 0.6881 0.6638
1270 0.2536 0.6900 0.6657
1275 0.2518 0.6919 0.6676
1280 0.2502 0.6938 0.6708
1285 0.2485 0.6956 0.6727
1290 0.2467 0.6975 0.6745
1295 0.2447 0.6993 0.6750
1300 0.2433 0.7011 0.6781
1305 0.2413 0.7029 0.6786
1310 0.2399 0.7047 0.6817
1315 0.2380 0.7064 0.6821
1320 0.2363 0.7082 0.6838
1325 0.2347 0.7099 0.6855
1330 0.2331 0.7116 0.6872
1335 0.2315 0.7133 0.6889
1340 0.2299 0.7150 0.6906
1345 0.2283 0.7166 0.6922
1350 0.2263 0.7183 0.6911
1355 0.2245 0.7199 0.6913
1360 0.2232 0.7215 0.6943
1365 0.2217 0.7231 0.6958
1370 0.2200 0.7247 0.6960
1375 0.2185 0.7262 0.6976
1380 0.2171 0.7278 0.6991
1385 0.2158 0.7293 0.7020
1390 0.2144 0.7308 0.7035
1395 0.2128 0.7323 0.7036
1400 0.2112 0.7338 0.7037
1405 0.2096 0.7353 0.7037
1410 0.2082 0.7368 0.7052
1415 0.2070 0.7382 0.7080
1420 0.2055 0.7396 0.7080
1425 0.2041 0.7411 0.7094
1430 0.2030 0.7425 0.7122
1435 0.2015 0.7439 0.7122
1440 0.2006 0.7452 0.7164
1445 0.1993 0.7466 0.7177
1450 0.1982 0.7480 0.7205
1455 0.1969 0.7493 0.7219
1460 0.1957 0.7506 0.7232
1465 0.1946 0.7520 0.7259
1470 0.1932 0.7533 0.7258
1475 0.1920 0.7546 0.7271
1480 0.1910 0.7558 0.7298
1485 0.1897 0.7571 0.7311
1490 0.1886 0.7584 0.7323
1495 0.1874 0.7596 0.7336
1500 0.1864 0.7609 0.7363
1505 0.1852 0.7621 0.7375
1510 0.1841 0.7633 0.7387
1515 0.1829 0.7645 0.7399
1520 0.1818 0.7657 0.7411
1525 0.1807 0.7669 0.7423
1530 0.1796 0.7680 0.7435
1535 0.1787 0.7692 0.7461
1540 0.1774 0.7704 0.7458
1545 0.1763 0.7715 0.7469
1550 0.1751 0.7726 0.7465
1555 0.1740 0.7737 0.7477
1560 0.1730 0.7749 0.7488
1565 0.1721 0.7760 0.7514
1570 0.1709 0.7770 0.7509
1575 0.1700 0.7781 0.7535
1580 0.1690 0.7792 0.7546
1585 0.1678 0.7803 0.7542
1590 0.1668 0.7813 0.7552
1595 0.1657 0.7824 0.7547
1600 0.1649 0.7834 0.7573
1605 0.1637 0.7844 0.7568
1610 0.1626 0.7854 0.7563
1615 0.1613 0.7864 0.7543
1620 0.1602 0.7874 0.7537
1625 0.1591 0.7884 0.7532
1630 0.1581 0.7894 0.7527
1635 0.1567 0.7904 0.7491
1640 0.1551 0.7914 0.7440
1645 0.1531 0.7923 0.7344
1650 0.1504 0.7933 0.7174
1655 0.1475 0.7942 0.6991
1660 0.1444 0.7951 0.6781
1665 0.1425 0.7961 0.6689
1670 0.1423 0.7970 0.6754
1675 0.1430 0.7979 0.6907
1680 0.1437 0.7988 0.7062
1685 0.1439 0.7997 0.7174
1690 0.1438 0.8006 0.7257
1695 0.1438 0.8015 0.7341
1700 0.1434 0.8023 0.7394
1705 0.1426 0.8032 0.7403
1710 0.1418 0.8041 0.7411
1715 0.1412 0.8049 0.7434
1720 0.1407 0.8058 0.7473
1725 0.1401 0.8066 0.7496
1730 0.1394 0.8074 0.7519
1735 0.1387 0.8083 0.7527
1740 0.1380 0.8091 0.7550
1745 0.1376 0.8099 0.7589
1750 0.1370 0.8107 0.7612
1755 0.1365 0.8115 0.7651
1760 0.1359 0.8123 0.7674
1765 0.1352 0.8131 0.7682
1770 0.1344 0.8139 0.7690
1775 0.1340 0.8146 0.7728
1780 0.1333 0.8154 0.7736
1785 0.1325 0.8162 0.7743
1790 0.1318 0.8169 0.7751
1795 0.1309 0.8177 0.7727
1800 0.1303 0.8184 0.7750
1805 0.1279 0.8192 0.7554
1810 0.1293 0.8199 0.7811
1815 0.1277 0.8206 0.7709
1820 0.1268 0.8213 0.7684
1825 0.1275 0.8221 0.7864
1830 0.1250 0.8228 0.7636
1835 0.1260 0.8235 0.7847
1840 0.1257 0.8242 0.7901
1845 0.1229 0.8249 0.7640
1850 0.1253 0.8255 0.8026
1855 0.1232 0.8262 0.7858
1860 0.1210 0.8269 0.7660
1865 0.1233 0.8276 0.8047
1870 0.1203 0.8283 0.7735
1875 0.1195 0.8289 0.7726
1880 0.1217 0.8296 0.8099
1885 0.1176 0.8302 0.7644
1890 0.1177 0.8309 0.7745
1895 0.1196 0.8315 0.8086
1900 0.1152 0.8322 0.7584
1905 0.1159 0.8328 0.7763
1910 0.1173 0.8334 0.8041
1915 0.1129 0.8340 0.7524
1920 0.1144 0.8347 0.7813
1925 0.1157 0.8353 0.8076
1930 0.1110 0.8359 0.7510
1935 0.1132 0.8365 0.7895
1940 0.1146 0.8371 0.8175
1945 0.1090 0.8377 0.7480
1950 0.1109 0.8383 0.7832
1955 0.1125 0.8389 0.8144
1960 0.1073 0.8394 0.7481
1965 0.1095 0.8400 0.7881
1970 0.1126 0.8406 0.8408
1975 0.1067 0.8412 0.7638
1980 0.1073 0.8417 0.7802
1985 0.1116 0.8423 0.8525
1990 0.1061 0.8429 0.7797
1995 0.1042 0.8434 0.7596
2000 0.1100 0.8440 0.8543
2005 0.1064 0.8445 0.8087
2010 0.1018 0.8451 0.7470
2015 0.1074 0.8456 0.8410
2020 0.1069 0.8461 0.8415
2025 0.1003 0.8467 0.7485
2030 0.1035 0.8472 0.8048
2035 0.1067 0.8477 0.8632
2040 0.0998 0.8482 0.7641
2045 0.0988 0.8488 0.7567
2050 0.1045 0.8493 0.8548
2055 0.1010 0.8498 0.8057
2060 0.0959 0.8503 0.7345
2065 0.1008 0.8508 0.8182
2070 0.1017 0.8513 0.8418
2075 0.0947 0.8518 0.7374
2080 0.0951 0.8523 0.7504
2085 0.1003 0.8528 0.8433
2090 0.0965 0.8532 0.7880
2095 0.0922 0.8537 0.7267
2100 0.0969 0.8542 0.8117
2105 0.0980 0.8547 0.8370
2110 0.0907 0.8552 0.7249
2115 0.0890 0.8556 0.7053
2120 0.0934 0.8561 0.7826
2125 0.0900 0.8566 0.7339
2130 0.0826 0.8570 0.6248
2135 0.0848 0.8575 0.6646
2140 0.0906 0.8579 0.7667
2145 0.0875 0.8584 0.7215
2150 0.0834 0.8588 0.6612
2155 0.0865 0.8593 0.7192
2160 0.0890 0.8597 0.7684
2165 0.0851 0.8601 0.7091
2170 0.0840 0.8606 0.6973
2175 0.0891 0.8610 0.7922
2180 0.0889 0.8614 0.7958
2185 0.0825 0.8619 0.6923
2190 0.0826 0.8623 0.7002
2195 0.0887 0.8627 0.8151
2200 0.0890 0.8631 0.8288
2205 0.0835 0.8635 0.7354
2210 0.0829 0.8640 0.7326
2215 0.0872 0.8644 0.8167
2220 0.0855 0.8648 0.7925
2225 0.0787 0.8652 0.6783
2230 0.0773 0.8656 0.6607
2235 0.0806 0.8660 0.7250
2240 0.0790 0.8664 0.7021
2245 0.0733 0.8668 0.6105
2250 0.0720 0.8672 0.5951
2255 0.0746 0.8676 0.6444
2260 0.0741 0.8679 0.6418
2265 0.0705 0.8683 0.5861
2270 0.0696 0.8687 0.5765
2275 0.0735 0.8691 0.6486
2280 0.0750 0.8695 0.6803
2285 0.0712 0.8698 0.6199
2290 0.0690 0.8702 0.5860
2295 0.0717 0.8706 0.6394
2300 0.0738 0.8710 0.6830
2305 0.0703 0.8713 0.6254
2310 0.0667 0.8717 0.5674
2315 0.0683 0.8720 0.6014
2320 0.0710 0.8724 0.6541
2325 0.0686 0.8728 0.6163
2330 0.0635 0.8731 0.5329
2335 0.0625 0.8735 0.5211
2340 0.0662 0.8738 0.5899
2345 0.0685 0.8742 0.6377
2350 0.0663 0.8745 0.6017
2355 0.0638 0.8748 0.5627
2360 0.0648 0.8752 0.5852
2365 0.0677 0.8755 0.6432
2370 0.0674 0.8759 0.6434
2375 0.0643 0.8762 0.5916
2380 0.0632 0.8765 0.5763
2385 0.0656 0.8769 0.6251
2390 0.0670 0.8772 0.6593
2395 0.0649 0.8775 0.6227
2400 0.0623 0.8778 0.5786
2405 0.0629 0.8782 0.5958
2410 0.0656 0.8785 0.6529
2415 0.0657 0.8788 0.6606
2420 0.0628 0.8791 0.6093
2425 0.0608 0.8794 0.5755
2430 0.0614 0.8798 0.5926
2435 0.0613 0.8801 0.5943
2440 0.0573 0.8804 0.5241
2445 0.0515 0.8807 0.4264
2450 0.0509 0.8810 0.4205
2455 0.0555 0.8813 0.5034
2460 0.0603 0.8816 0.5996
2465 0.0616 0.8819 0.6303
2470 0.0606 0.8822 0.6159
2475 0.0606 0.8825 0.6205
