390.0	1.2519E+00	7.9699E-01	5.8457E-01
390.5	1.2601E+00	8.0371E-01	5.9038E-01
391.0	1.3322E+00	8.5138E-01	6.2634E-01
391.5	1.3490E+00	8.6344E-01	6.3617E-01
392.0	1.2400E+00	7.9493E-01	5.8656E-01
392.5	1.0312E+00	6.6257E-01	4.8961E-01
393.0	7.4500E-01	4.7975E-01	3.5502E-01
393.5	5.9120E-01	3.8152E-01	2.8272E-01
394.0	7.6675E-01	4.9567E-01	3.6780E-01
394.5	1.0557E+00	6.8385E-01	5.0811E-01
395.0	1.2450E+00	8.0772E-01	6.0096E-01
395.5	1.3245E+00	8.6038E-01	6.4101E-01
396.0	1.1626E+00	7.5655E-01	5.6443E-01
396.5	8.4330E-01	5.5017E-01	4.1101E-01
397.0	6.5200E-01	4.2619E-01	3.1882E-01
397.5	9.6142E-01	6.2945E-01	4.7151E-01
398.0	1.3010E+00	8.5249E-01	6.3944E-01
398.5	1.5342E+00	1.0069E+00	7.5622E-01
399.0	1.6245E+00	1.0693E+00	8.0408E-01
399.5	1.6717E+00	1.1021E+00	8.2980E-01
400.0	1.6885E+00	1.1141E+00	8.3989E-01
401.0	1.7520E+00	1.1603E+00	8.7691E-01
402.0	1.8140E+00	1.2061E+00	9.1387E-01
403.0	1.7400E+00	1.1613E+00	8.8211E-01
404.0	1.7630E+00	1.1801E+00	8.9849E-01
405.0	1.7150E+00	1.1511E+00	8.7849E-01
406.0	1.6660E+00	1.1227E+00	8.5878E-01
407.0	1.6300E+00	1.1026E+00	8.4545E-01
408.0	1.6990E+00	1.1514E+00	8.8488E-01
409.0	1.8090E+00	1.2299E+00	9.4717E-01
410.0	1.5370E+00	1.0485E+00	8.0910E-01
411.0	1.7150E+00	1.1738E+00	9.0770E-01
412.0	1.8160E+00	1.2478E+00	9.6686E-01
413.0	1.7392E+00	1.1971E+00	9.2951E-01
414.0	1.7144E+00	1.1842E+00	9.2134E-01
415.0	1.7688E+00	1.2258E+00	9.5569E-01
416.0	1.8150E+00	1.2624E+00	9.8628E-01
417.0	1.7660E+00	1.2312E+00	9.6392E-01
418.0	1.6850E+00	1.1777E+00	9.2392E-01
419.0	1.7490E+00	1.2258E+00	9.6354E-01
420.0	1.5990E+00	1.1232E+00	8.8467E-01
421.0	1.8110E+00	1.2757E+00	1.0067E+00
422.0	1.7820E+00	1.2583E+00	9.9499E-01
423.0	1.7210E+00	1.2184E+00	9.6531E-01
424.0	1.7080E+00	1.2117E+00	9.6182E-01
425.0	1.7550E+00	1.2488E+00	9.9312E-01
426.0	1.6990E+00	1.2135E+00	9.6667E-01
427.0	1.6380E+00	1.1724E+00	9.3550E-01
428.0	1.6510E+00	1.1839E+00	9.4625E-01
429.0	1.5230E+00	1.0963E+00	8.7766E-01
430.0	1.2120E+00	8.7462E-01	7.0134E-01
431.0	1.0990E+00	7.9394E-01	6.3779E-01
432.0	1.8220E+00	1.3207E+00	1.0628E+00
433.0	1.6913E+00	1.2288E+00	9.9050E-01
434.0	1.5600E+00	1.1352E+00	9.1653E-01
435.0	1.7090E+00	1.2452E+00	1.0070E+00
436.0	1.8680E+00	1.3659E+00	1.1061E+00
437.0	1.9000E+00	1.3943E+00	1.1306E+00
438.0	1.6630E+00	1.2238E+00	9.9368E-01
439.0	1.6010E+00	1.1775E+00	9.5753E-01
440.0	1.8300E+00	1.3499E+00	1.0993E+00
441.0	1.7990E+00	1.3313E+00	1.0859E+00
442.0	1.9220E+00	1.4250E+00	1.1640E+00
443.0	1.9490E+00	1.4453E+00	1.1823E+00
444.0	1.8941E+00	1.4084E+00	1.1537E+00
445.0	1.9650E+00	1.4619E+00	1.1992E+00
446.0	1.7557E+00	1.3108E+00	1.0766E+00
447.0	1.9900E+00	1.4903E+00	1.2257E+00
448.0	2.0140E+00	1.5081E+00	1.2422E+00
449.0	2.0010E+00	1.5045E+00	1.2409E+00
450.0	2.0690E+00	1.5595E+00	1.2881E+00
451.0	2.1420E+00	1.6173E+00	1.3376E+00
452.0	2.0470E+00	1.5482E+00	1.2822E+00
453.0	1.8864E+00	1.4297E+00	1.1854E+00
454.0	2.0180E+00	1.5335E+00	1.2730E+00
455.0	2.0010E+00	1.5224E+00	1.2655E+00
456.0	2.0630E+00	1.5724E+00	1.3088E+00
457.0	2.0770E+00	1.5854E+00	1.3213E+00
458.0	2.0320E+00	1.5514E+00	1.2946E+00
459.0	2.0120E+00	1.5391E+00	1.2859E+00
460.0	1.9973E+00	1.5291E+00	1.2791E+00
461.0	2.0639E+00	1.5827E+00	1.3255E+00
462.0	2.0780E+00	1.5975E+00	1.3392E+00
463.0	2.0840E+00	1.6031E+00	1.3452E+00
464.0	2.0150E+00	1.5544E+00	1.3055E+00
465.0	1.9840E+00	1.5350E+00	1.2905E+00
466.0	2.0210E+00	1.5673E+00	1.3190E+00
467.0	1.9310E+00	1.4973E+00	1.2616E+00
468.0	2.0120E+00	1.5619E+00	1.3178E+00
469.0	2.0180E+00	1.5682E+00	1.3247E+00
470.0	1.9390E+00	1.5077E+00	1.2749E+00
471.0	1.9690E+00	1.5331E+00	1.2975E+00
472.0	2.0700E+00	1.6126E+00	1.3661E+00
473.0	1.9882E+00	1.5499E+00	1.3144E+00
474.0	2.0120E+00	1.5671E+00	1.3304E+00
475.0	2.0800E+00	1.6185E+00	1.3755E+00
476.0	2.0120E+00	1.5631E+00	1.3299E+00
477.0	2.0250E+00	1.5724E+00	1.3392E+00
478.0	2.0860E+00	1.6230E+00	1.3839E+00
479.0	2.0400E+00	1.5916E+00	1.3586E+00
480.0	2.0680E+00	1.6181E+00	1.3825E+00
481.0	2.0610E+00	1.6177E+00	1.3836E+00
482.0	2.0623E+00	1.6236E+00	1.3899E+00
483.0	2.0310E+00	1.6038E+00	1.3742E+00
484.0	1.9890E+00	1.5734E+00	1.3492E+00
485.0	1.9790E+00	1.5683E+00	1.3457E+00
486.0	1.6010E+00	1.2716E+00	1.0918E+00
487.0	1.7890E+00	1.4241E+00	1.2235E+00
488.0	1.9350E+00	1.5413E+00	1.3252E+00
489.0	1.8224E+00	1.4519E+00	1.2492E+00
490.0	2.0320E+00	1.6224E+00	1.3968E+00
491.0	1.9490E+00	1.5595E+00	1.3435E+00
492.0	1.8560E+00	1.4869E+00	1.2818E+00
493.0	1.9830E+00	1.5903E+00	1.3719E+00
494.0	1.9339E+00	1.5525E+00	1.3402E+00
495.0	2.0510E+00	1.6485E+00	1.4238E+00
496.0	1.9490E+00	1.5676E+00	1.3548E+00
497.0	1.9800E+00	1.5944E+00	1.3788E+00
498.0	1.9240E+00	1.5509E+00	1.3421E+00
499.0	1.9230E+00	1.5507E+00	1.3429E+00
500.0	1.9160E+00	1.5451E+00	1.3391E+00
501.0	1.8580E+00	1.4978E+00	1.2990E+00
502.0	1.8600E+00	1.4966E+00	1.2991E+00
503.0	1.9490E+00	1.5653E+00	1.3597E+00
504.0	1.8330E+00	1.4587E+00	1.2682E+00
505.0	1.9472E+00	1.5635E+00	1.3598E+00
506.0	2.0250E+00	1.6264E+00	1.4153E+00
507.0	1.9354E+00	1.5560E+00	1.3548E+00
508.0	1.8800E+00	1.5165E+00	1.3210E+00
509.0	1.9650E+00	1.5893E+00	1.3850E+00
510.0	1.9100E+00	1.5481E+00	1.3497E+00
511.0	1.9410E+00	1.5769E+00	1.3753E+00
512.0	1.9890E+00	1.6186E+00	1.4125E+00
513.0	1.8660E+00	1.5206E+00	1.3277E+00
514.0	1.8240E+00	1.4885E+00	1.3003E+00
515.0	1.8750E+00	1.5314E+00	1.3385E+00
516.0	1.8910E+00	1.5455E+00	1.3514E+00
517.0	1.5390E+00	1.2594E+00	1.1017E+00
518.0	1.7590E+00	1.4403E+00	1.2605E+00
519.0	1.7040E+00	1.3957E+00	1.2222E+00
520.0	1.8600E+00	1.5236E+00	1.3349E+00
521.0	1.8730E+00	1.5346E+00	1.3452E+00
522.0	1.9150E+00	1.5690E+00	1.3760E+00
523.0	1.8040E+00	1.4789E+00	1.2976E+00
524.0	1.9410E+00	1.5905E+00	1.3962E+00
525.0	1.9280E+00	1.5781E+00	1.3859E+00
526.0	1.8740E+00	1.5341E+00	1.3479E+00
527.0	1.6410E+00	1.3417E+00	1.1795E+00
528.0	1.8800E+00	1.5357E+00	1.3508E+00
529.0	1.9690E+00	1.6071E+00	1.4142E+00
530.0	1.8920E+00	1.5446E+00	1.3598E+00
531.0	1.9950E+00	1.6292E+00	1.4348E+00
532.0	1.9580E+00	1.5998E+00	1.4094E+00
533.0	1.7470E+00	1.4286E+00	1.2590E+00
534.0	1.8690E+00	1.5302E+00	1.3491E+00
535.0	1.8950E+00	1.5535E+00	1.3701E+00
536.0	1.9740E+00	1.6199E+00	1.4292E+00
537.0	1.8240E+00	1.4989E+00	1.3229E+00
538.0	1.9130E+00	1.5738E+00	1.3896E+00
539.0	1.8640E+00	1.5352E+00	1.3558E+00
540.0	1.8000E+00	1.4825E+00	1.3096E+00
541.0	1.7340E+00	1.4251E+00	1.2595E+00
542.0	1.8880E+00	1.5511E+00	1.3714E+00
543.0	1.8510E+00	1.5256E+00	1.3493E+00
544.0	1.9190E+00	1.5792E+00	1.3971E+00
545.0	1.8740E+00	1.5435E+00	1.3657E+00
546.0	1.8609E+00	1.5291E+00	1.3536E+00
547.0	1.8820E+00	1.5490E+00	1.3717E+00
548.0	1.8260E+00	1.5049E+00	1.3331E+00
549.0	1.8800E+00	1.5520E+00	1.3752E+00
550.0	1.8630E+00	1.5399E+00	1.3648E+00
551.0	1.8590E+00	1.5382E+00	1.3639E+00
552.0	1.8960E+00	1.5697E+00	1.3923E+00
553.0	1.8420E+00	1.5250E+00	1.3533E+00
554.0	1.8780E+00	1.5549E+00	1.3802E+00
555.0	1.8890E+00	1.5634E+00	1.3883E+00
556.0	1.8570E+00	1.5366E+00	1.3651E+00
557.0	1.8120E+00	1.4988E+00	1.3321E+00
558.0	1.8530E+00	1.5310E+00	1.3613E+00
559.0	1.7550E+00	1.4483E+00	1.2885E+00
560.0	1.7860E+00	1.4740E+00	1.3118E+00
561.0	1.8900E+00	1.5595E+00	1.3885E+00
562.0	1.8010E+00	1.4847E+00	1.3225E+00
563.0	1.8710E+00	1.5408E+00	1.3731E+00
564.0	1.8360E+00	1.5106E+00	1.3466E+00
565.0	1.8490E+00	1.5201E+00	1.3555E+00
566.0	1.7500E+00	1.4374E+00	1.2823E+00
567.0	1.8680E+00	1.5320E+00	1.3673E+00
568.0	1.8590E+00	1.5180E+00	1.3554E+00
569.0	1.8310E+00	1.4807E+00	1.3228E+00
570.0	1.8280E+00	1.4816E+00	1.3240E+00
571.0	1.7620E+00	1.4331E+00	1.2810E+00
572.0	1.8720E+00	1.5134E+00	1.3534E+00
573.0	1.8810E+00	1.5198E+00	1.3595E+00
574.0	1.8730E+00	1.5119E+00	1.3527E+00
575.0	1.8340E+00	1.4777E+00	1.3225E+00
576.0	1.8180E+00	1.4654E+00	1.3118E+00
577.0	1.8620E+00	1.5023E+00	1.3452E+00
578.0	1.7990E+00	1.4560E+00	1.3040E+00
579.0	1.8160E+00	1.4770E+00	1.3230E+00
580.0	1.8340E+00	1.5020E+00	1.3455E+00
581.0	1.8330E+00	1.5089E+00	1.3518E+00
582.0	1.8520E+00	1.5320E+00	1.3729E+00
583.0	1.8630E+00	1.5479E+00	1.3872E+00
584.0	1.8540E+00	1.5448E+00	1.3845E+00
585.0	1.8360E+00	1.5324E+00	1.3737E+00
586.0	1.7920E+00	1.4953E+00	1.3409E+00
587.0	1.8380E+00	1.5281E+00	1.3708E+00
588.0	1.8210E+00	1.4934E+00	1.3403E+00
589.0	1.6240E+00	1.2894E+00	1.1582E+00
590.0	1.7218E+00	1.3709E+00	1.2316E+00
591.0	1.8090E+00	1.4662E+00	1.3171E+00
592.0	1.7880E+00	1.4354E+00	1.2900E+00
593.0	1.7920E+00	1.4561E+00	1.3086E+00
594.0	1.7890E+00	1.4491E+00	1.3029E+00
595.0	1.7780E+00	1.4308E+00	1.2870E+00
596.0	1.7960E+00	1.4745E+00	1.3260E+00
597.0	1.8060E+00	1.4788E+00	1.3303E+00
598.0	1.7720E+00	1.4607E+00	1.3142E+00
599.0	1.7640E+00	1.4606E+00	1.3145E+00
600.0	1.7700E+00	1.4753E+00	1.3278E+00
601.0	1.7420E+00	1.4579E+00	1.3123E+00
602.0	1.7150E+00	1.4360E+00	1.2928E+00
603.0	1.7490E+00	1.4664E+00	1.3205E+00
604.0	1.7790E+00	1.4921E+00	1.3439E+00
605.0	1.7730E+00	1.4895E+00	1.3418E+00
606.0	1.7580E+00	1.4822E+00	1.3353E+00
607.0	1.7620E+00	1.4911E+00	1.3434E+00
608.0	1.7510E+00	1.4862E+00	1.3392E+00
609.0	1.7340E+00	1.4749E+00	1.3292E+00
610.0	1.7240E+00	1.4686E+00	1.3237E+00
611.0	1.7120E+00	1.4611E+00	1.3170E+00
612.0	1.7360E+00	1.4831E+00	1.3370E+00
613.0	1.7100E+00	1.4621E+00	1.3182E+00
614.0	1.6550E+00	1.4176E+00	1.2783E+00
615.0	1.7120E+00	1.4697E+00	1.3254E+00
616.0	1.6640E+00	1.4310E+00	1.2906E+00
617.0	1.6410E+00	1.4128E+00	1.2744E+00
618.0	1.7020E+00	1.4664E+00	1.3228E+00
619.0	1.7090E+00	1.4733E+00	1.3292E+00
620.0	1.7110E+00	1.4739E+00	1.3299E+00
621.0	1.7240E+00	1.4802E+00	1.3359E+00
622.0	1.6784E+00	1.4269E+00	1.2882E+00
623.0	1.6820E+00	1.4165E+00	1.2793E+00
624.0	1.6670E+00	1.4118E+00	1.2751E+00
625.0	1.6440E+00	1.4026E+00	1.2667E+00
626.0	1.6400E+00	1.4012E+00	1.2655E+00
627.0	1.6930E+00	1.4417E+00	1.3022E+00
628.0	1.6930E+00	1.3631E+00	1.2328E+00
629.0	1.6870E+00	1.4114E+00	1.2758E+00
630.0	1.6650E+00	1.3924E+00	1.2589E+00
631.0	1.6590E+00	1.4161E+00	1.2799E+00
632.0	1.5901E+00	1.3638E+00	1.2327E+00
633.0	1.6740E+00	1.4508E+00	1.3110E+00
634.0	1.6370E+00	1.4284E+00	1.2907E+00
635.0	1.6520E+00	1.4458E+00	1.3065E+00
636.0	1.6093E+00	1.4128E+00	1.2768E+00
637.0	1.6610E+00	1.4610E+00	1.3204E+00
638.0	1.6650E+00	1.4707E+00	1.3292E+00
639.0	1.6530E+00	1.4646E+00	1.3238E+00
640.0	1.6130E+00	1.4340E+00	1.2962E+00
641.0	1.6100E+00	1.4348E+00	1.2970E+00
642.0	1.6090E+00	1.4376E+00	1.2995E+00
643.0	1.6250E+00	1.4525E+00	1.3130E+00
644.0	1.6140E+00	1.4462E+00	1.3074E+00
645.0	1.6270E+00	1.4567E+00	1.3170E+00
646.0	1.5910E+00	1.4150E+00	1.2797E+00
647.0	1.6060E+00	1.4086E+00	1.2744E+00
648.0	1.6020E+00	1.3952E+00	1.2625E+00
649.0	1.5510E+00	1.3519E+00	1.2234E+00
650.0	1.5260E+00	1.3594E+00	1.2299E+00
651.0	1.6130E+00	1.4447E+00	1.3071E+00
652.0	1.5910E+00	1.3871E+00	1.2558E+00
653.0	1.5980E+00	1.4311E+00	1.2950E+00
654.0	1.5750E+00	1.4153E+00	1.2807E+00
655.0	1.5230E+00	1.3499E+00	1.2220E+00
656.0	1.3233E+00	1.1851E+00	1.0727E+00
657.0	1.3840E+00	1.2393E+00	1.1218E+00
658.0	1.5390E+00	1.3855E+00	1.2540E+00
659.0	1.5420E+00	1.3905E+00	1.2586E+00
660.0	1.5580E+00	1.3992E+00	1.2668E+00
661.0	1.5660E+00	1.3933E+00	1.2618E+00
662.0	1.5710E+00	1.3819E+00	1.2518E+00
663.0	1.5630E+00	1.3844E+00	1.2539E+00
664.0	1.5540E+00	1.3967E+00	1.2647E+00
665.0	1.5670E+00	1.4214E+00	1.2871E+00
666.0	1.5550E+00	1.4203E+00	1.2860E+00
667.0	1.5354E+00	1.4102E+00	1.2767E+00
668.0	1.5348E+00	1.4150E+00	1.2810E+00
669.0	1.5580E+00	1.4394E+00	1.3032E+00
670.0	1.5340E+00	1.4196E+00	1.2853E+00
671.0	1.5290E+00	1.4169E+00	1.2829E+00
672.0	1.5060E+00	1.3972E+00	1.2651E+00
673.0	1.5170E+00	1.4094E+00	1.2760E+00
674.0	1.5130E+00	1.4074E+00	1.2742E+00
675.0	1.4990E+00	1.3958E+00	1.2639E+00
676.0	1.5150E+00	1.4120E+00	1.2786E+00
677.0	1.5000E+00	1.3991E+00	1.2669E+00
678.0	1.5070E+00	1.4066E+00	1.2737E+00
679.0	1.4930E+00	1.3947E+00	1.2629E+00
680.0	1.4940E+00	1.3969E+00	1.2650E+00
681.0	1.4870E+00	1.3915E+00	1.2601E+00
682.0	1.4930E+00	1.3981E+00	1.2662E+00
683.0	1.4760E+00	1.3830E+00	1.2526E+00
684.0	1.4660E+00	1.3739E+00	1.2445E+00
685.0	1.4650E+00	1.3748E+00	1.2454E+00
686.0	1.4330E+00	1.3438E+00	1.2174E+00
687.0	1.4720E+00	9.6824E-01	8.8285E-01
688.0	1.4760E+00	1.1206E+00	1.0195E+00
689.0	1.4780E+00	1.1278E+00	1.0260E+00
690.0	1.4790E+00	1.1821E+00	1.0746E+00
691.0	1.4680E+00	1.2333E+00	1.1201E+00
692.0	1.4540E+00	1.2689E+00	1.1516E+00
693.0	1.4580E+00	1.2609E+00	1.1446E+00
694.0	1.4570E+00	1.2464E+00	1.1318E+00
695.0	1.4350E+00	1.2714E+00	1.1538E+00
696.0	1.4420E+00	1.2684E+00	1.1513E+00
697.0	1.4380E+00	1.3403E+00	1.2151E+00
698.0	1.4170E+00	1.3192E+00	1.1961E+00
699.0	1.4340E+00	1.2918E+00	1.1721E+00
700.0	1.4220E+00	1.2823E+00	1.1636E+00
701.0	1.4131E+00	1.2659E+00	1.1489E+00
702.0	1.3987E+00	1.2674E+00	1.1500E+00
703.0	1.4095E+00	1.2747E+00	1.1567E+00
704.0	1.4187E+00	1.3078E+00	1.1864E+00
705.0	1.4330E+00	1.3214E+00	1.1989E+00
706.0	1.4138E+00	1.3144E+00	1.1925E+00
707.0	1.4040E+00	1.3090E+00	1.1875E+00
708.0	1.3990E+00	1.3048E+00	1.1839E+00
709.0	1.3900E+00	1.3095E+00	1.1880E+00
710.0	1.4040E+00	1.3175E+00	1.1954E+00
711.0	1.3970E+00	1.3155E+00	1.1934E+00
712.0	1.3818E+00	1.3071E+00	1.1856E+00
713.0	1.3702E+00	1.2918E+00	1.1719E+00
714.0	1.3819E+00	1.3029E+00	1.1823E+00
715.0	1.3502E+00	1.2587E+00	1.1428E+00
716.0	1.3694E+00	1.2716E+00	1.1548E+00
717.0	1.3650E+00	1.1071E+00	1.0081E+00
718.0	1.3570E+00	1.0296E+00	9.3873E-01
719.0	1.3010E+00	9.2318E-01	8.4274E-01
720.0	1.3487E+00	9.8550E-01	8.9940E-01
721.0	1.3480E+00	1.0861E+00	9.8967E-01
722.0	1.3600E+00	1.2407E+00	1.1281E+00
723.0	1.3510E+00	1.1444E+00	1.0423E+00
724.0	1.3607E+00	1.0555E+00	9.6305E-01
725.0	1.3465E+00	1.0380E+00	9.4741E-01
726.0	1.3429E+00	1.0813E+00	9.8638E-01
727.0	1.3444E+00	1.0850E+00	9.8988E-01
728.0	1.3370E+00	1.0400E+00	9.4968E-01
729.0	1.2796E+00	1.0466E+00	9.5503E-01
730.0	1.3357E+00	1.1285E+00	1.0294E+00
731.0	1.3104E+00	1.0703E+00	9.7702E-01
732.0	1.3333E+00	1.1534E+00	1.0520E+00
733.0	1.3108E+00	1.1962E+00	1.0901E+00
734.0	1.3390E+00	1.2357E+00	1.1261E+00
735.0	1.3271E+00	1.2178E+00	1.1101E+00
736.0	1.3100E+00	1.2059E+00	1.0994E+00
737.0	1.3120E+00	1.2039E+00	1.0978E+00
738.0	1.3000E+00	1.2269E+00	1.1184E+00
739.0	1.2646E+00	1.1905E+00	1.0855E+00
740.0	1.2830E+00	1.2195E+00	1.1119E+00
741.0	1.2707E+00	1.2148E+00	1.1078E+00
742.0	1.2649E+00	1.2153E+00	1.1084E+00
743.0	1.2892E+00	1.2405E+00	1.1316E+00
744.0	1.2955E+00	1.2503E+00	1.1408E+00
745.0	1.2920E+00	1.2497E+00	1.1404E+00
746.0	1.2892E+00	1.2470E+00	1.1381E+00
747.0	1.2890E+00	1.2477E+00	1.1389E+00
748.0	1.2808E+00	1.2401E+00	1.1323E+00
749.0	1.2760E+00	1.2357E+00	1.1286E+00
750.0	1.2740E+00	1.2341E+00	1.1273E+00
751.0	1.2680E+00	1.2286E+00	1.1224E+00
752.0	1.2720E+00	1.2330E+00	1.1265E+00
753.0	1.2650E+00	1.2266E+00	1.1210E+00
754.0	1.2809E+00	1.2420E+00	1.1353E+00
755.0	1.2771E+00	1.2383E+00	1.1321E+00
756.0	1.2610E+00	1.2232E+00	1.1185E+00
757.0	1.2598E+00	1.2221E+00	1.1176E+00
758.0	1.2680E+00	1.2295E+00	1.1246E+00
759.0	1.2500E+00	1.1945E+00	1.0932E+00
760.0	1.2590E+00	2.6604E-01	2.4716E-01
761.0	1.2487E+00	1.5396E-01	1.4328E-01
762.0	1.2460E+00	6.8766E-01	6.3491E-01
763.0	1.2543E+00	3.7952E-01	3.5217E-01
764.0	1.2566E+00	5.3878E-01	4.9885E-01
765.0	1.2452E+00	6.8601E-01	6.3377E-01
766.0	1.2000E+00	8.1461E-01	7.5080E-01
767.0	1.2120E+00	9.7417E-01	8.9574E-01
768.0	1.2310E+00	1.1138E+00	1.0222E+00
769.0	1.2142E+00	1.1278E+00	1.0347E+00
770.0	1.2146E+00	1.1608E+00	1.0646E+00
771.0	1.2073E+00	1.1686E+00	1.0716E+00
772.0	1.2120E+00	1.1778E+00	1.0802E+00
773.0	1.2100E+00	1.1771E+00	1.0797E+00
774.0	1.2090E+00	1.1771E+00	1.0800E+00
775.0	1.2080E+00	1.1771E+00	1.0801E+00
776.0	1.2102E+00	1.1798E+00	1.0827E+00
777.0	1.2028E+00	1.1727E+00	1.0764E+00
778.0	1.2014E+00	1.1713E+00	1.0754E+00
779.0	1.2067E+00	1.1765E+00	1.0803E+00
780.0	1.1930E+00	1.1636E+00	1.0687E+00
781.0	1.1898E+00	1.1607E+00	1.0662E+00
782.0	1.1950E+00	1.1662E+00	1.0714E+00
783.0	1.1896E+00	1.1614E+00	1.0672E+00
784.0	1.1810E+00	1.1536E+00	1.0602E+00
785.0	1.1874E+00	1.1586E+00	1.0649E+00
786.0	1.1890E+00	1.1592E+00	1.0656E+00
787.0	1.1877E+00	1.1450E+00	1.0530E+00
788.0	1.1800E+00	1.1305E+00	1.0399E+00
789.0	1.1812E+00	1.1257E+00	1.0359E+00
790.0	1.1704E+00	1.0910E+00	1.0045E+00
791.0	1.1632E+00	1.1058E+00	1.0179E+00
792.0	1.1500E+00	1.0953E+00	1.0084E+00
793.0	1.1449E+00	1.0875E+00	1.0015E+00
794.0	1.1260E+00	1.0972E+00	1.0101E+00
795.0	1.1280E+00	1.0932E+00	1.0066E+00
796.0	1.1427E+00	1.0742E+00	9.8985E-01
797.0	1.1580E+00	1.0913E+00	1.0057E+00
798.0	1.1501E+00	1.1121E+00	1.0245E+00
799.0	1.1350E+00	1.0905E+00	1.0048E+00
800.0	1.1248E+00	1.0725E+00	9.8859E-01
801.0	1.1427E+00	1.0843E+00	9.9978E-01
802.0	1.1422E+00	1.0856E+00	1.0011E+00
803.0	1.1241E+00	1.0657E+00	9.8288E-01
804.0	1.1342E+00	1.0782E+00	9.9452E-01
805.0	1.1001E+00	1.0545E+00	9.7270E-01
806.0	1.1309E+00	1.0974E+00	1.0122E+00
807.0	1.1230E+00	1.0859E+00	1.0018E+00
808.0	1.1162E+00	1.0821E+00	9.9844E-01
809.0	1.0980E+00	1.0548E+00	9.7353E-01
810.0	1.1100E+00	1.0559E+00	9.7488E-01
811.0	1.1143E+00	1.0533E+00	9.7273E-01
812.0	1.1160E+00	1.0268E+00	9.4882E-01
813.0	1.1180E+00	1.0086E+00	9.3236E-01
814.0	1.1174E+00	9.0356E-01	8.3681E-01
815.0	1.1091E+00	8.9523E-01	8.2927E-01
816.0	1.1050E+00	8.3216E-01	7.7171E-01
817.0	1.1083E+00	8.5183E-01	7.8984E-01
818.0	1.0861E+00	8.2259E-01	7.6299E-01
819.0	1.0738E+00	9.0519E-01	8.3844E-01
820.0	1.0740E+00	8.6188E-01	7.9899E-01
821.0	1.0760E+00	9.9764E-01	9.2292E-01
822.0	1.0560E+00	9.5157E-01	8.8081E-01
823.0	1.0760E+00	6.7271E-01	6.2576E-01
824.0	1.0715E+00	9.3506E-01	8.6619E-01
825.0	1.0699E+00	9.6935E-01	8.9752E-01
826.0	1.0759E+00	9.3381E-01	8.6530E-01
827.0	1.0762E+00	9.8465E-01	9.1178E-01
828.0	1.0749E+00	8.4979E-01	7.8870E-01
829.0	1.0620E+00	9.2930E-01	8.6135E-01
830.0	1.0563E+00	9.1601E-01	8.4930E-01