200.000 0.000
205.000 0.000
210.000 0.000
215.000 0.000
220.000 0.000
225.000 0.000
230.000 0.000
235.000 0.000
240.000 0.001
245.000 0.003
250.000 0.012
255.000 0.034
260.000 0.068
265.000 0.110
270.000 0.156
275.000 0.207
280.000 0.260
285.000 0.317
290.000 0.375
295.000 0.436
300.000 0.496
305.000 0.554
310.000 0.609
315.000 0.660
320.000 0.703
325.000 0.742
330.000 0.775
335.000 0.804
340.000 0.824
345.000 0.845
350.000 0.859
355.000 0.869
360.000 0.880
365.000 0.885
370.000 0.891
375.000 0.895
380.000 0.898
385.000 0.900
390.000 0.901
395.000 0.903
400.000 0.903
405.000 0.905
410.000 0.908
415.000 0.906
420.000 0.907
425.000 0.906
430.000 0.907
435.000 0.906
440.000 0.908
445.000 0.908
450.000 0.910
455.000 0.910
460.000 0.910
465.000 0.910
470.000 0.911
475.000 0.909
480.000 0.912
485.000 0.912
490.000 0.911
495.000 0.912
500.000 0.911
505.000 0.911
510.000 0.913
515.000 0.913
520.000 0.910
525.000 0.912
530.000 0.912
535.000 0.913
540.000 0.913
545.000 0.914
550.000 0.911
555.000 0.911
560.000 0.912
565.000 0.912
570.000 0.913
575.000 0.913
580.000 0.911
585.000 0.912
590.000 0.911
595.000 0.910
600.000 0.912
605.000 0.910
610.000 0.913
615.000 0.913
620.000 0.910
625.000 0.912
630.000 0.910
635.000 0.911
640.000 0.912
645.000 0.913
650.000 0.911
655.000 0.913
660.000 0.912
665.000 0.914
670.000 0.912
675.000 0.912
680.000 0.913
685.000 0.914
690.000 0.911
695.000 0.911
700.000 0.912
705.000 0.912
710.000 0.911
715.000 0.911
720.000 0.912
725.000 0.911
730.000 0.912
735.000 0.911
740.000 0.911
745.000 0.911
750.000 0.913
755.000 0.913
760.000 0.911
765.000 0.911
770.000 0.912
775.000 0.912
780.000 0.911
785.000 0.912
790.000 0.913
795.000 0.912
800.000 0.911
805.000 0.912
810.000 0.912
815.000 0.913
820.000 0.911
825.000 0.911
830.000 0.910
835.000 0.910
840.000 0.911
845.000 0.911
850.000 0.910
855.000 0.911
860.000 0.913
865.000 0.917
870.000 0.916
875.000 0.915
880.000 0.915
885.000 0.915
890.000 0.914
895.000 0.914
900.000 0.914
905.000 0.916
910.000 0.916
915.000 0.916
920.000 0.915
925.000 0.915
930.000 0.915
935.000 0.915
940.000 0.914
945.000 0.915
950.000 0.915
955.000 0.915
960.000 0.915
965.000 0.915
970.000 0.915
975.000 0.914
980.000 0.914
985.000 0.914
990.000 0.914
995.000 0.914
1000.000 0.914
1005.000 0.914
1010.000 0.914
1015.000 0.914
1020.000 0.914
1025.000 0.914
1030.000 0.914
1035.000 0.914
1040.000 0.914
1045.000 0.914
1050.000 0.914
1055.000 0.914
1060.000 0.914
1065.000 0.913
1070.000 0.914
1075.000 0.914
1080.000 0.915
1085.000 0.915
1090.000 0.915
1095.000 0.915
1100.000 0.915
1105.000 0.914
1110.000 0.913
1115.000 0.913
1120.000 0.914
1125.000 0.914
1130.000 0.914
1135.000 0.914
1140.000 0.914
1145.000 0.914
1150.000 0.914
1155.000 0.913
1160.000 0.913
1165.000 0.914
1170.000 0.915
1175.000 0.915
1180.000 0.915
1185.000 0.915
1190.000 0.914
1195.000 0.914
1200.000 0.915
1205.000 0.915
1210.000 0.915
1215.000 0.914
1220.000 0.914
1225.000 0.914
1230.000 0.915
1235.000 0.915
1240.000 0.915
1245.000 0.915
1250.000 0.915
1255.000 0.915
1260.000 0.915
1265.000 0.914
1270.000 0.914
1275.000 0.914
1280.000 0.915
1285.000 0.916
1290.000 0.915
1295.000 0.915
1300.000 0.916
1305.000 0.916
1310.000 0.916
1315.000 0.916
1320.000 0.916
1325.000 0.916
1330.000 0.916
1335.000 0.916
1340.000 0.916
1345.000 0.916
1350.000 0.915
1355.000 0.915
1360.000 0.915
1365.000 0.916
1370.000 0.916
1375.000 0.916
1380.000 0.916
1385.000 0.916
1390.000 0.916
1395.000 0.915
1400.000 0.913
1405.000 0.913
1410.000 0.913
1415.000 0.913
1420.000 0.913
1425.000 0.913
1430.000 0.914
1435.000 0.913
1440.000 0.914
1445.000 0.915
1450.000 0.915
1455.000 0.915
1460.000 0.916
1465.000 0.916
1470.000 0.916
1475.000 0.916
1480.000 0.915
1485.000 0.915
1490.000 0.916
1495.000 0.916
1500.000 0.918
1505.000 0.918
1510.000 0.917
1515.000 0.918
1520.000 0.918
1525.000 0.918
1530.000 0.918
1535.000 0.918
1540.000 0.918
1545.000 0.918
1550.000 0.918
1555.000 0.918
1560.000 0.918
1565.000 0.918
1570.000 0.918
1575.000 0.918
1580.000 0.918
1585.000 0.918
1590.000 0.918
1595.000 0.917
1600.000 0.918
1605.000 0.917
1610.000 0.917
1615.000 0.917
1620.000 0.917
1625.000 0.916
1630.000 0.916
1635.000 0.917
1640.000 0.918
1645.000 0.917
1650.000 0.917
1655.000 0.918
1660.000 0.918
1665.000 0.917
1670.000 0.917
1675.000 0.918
1680.000 0.917
1685.000 0.917
1690.000 0.916
1695.000 0.917
1700.000 0.917
1705.000 0.916
1710.000 0.916
1715.000 0.916
1720.000 0.917
1725.000 0.917
1730.000 0.917
1735.000 0.917
1740.000 0.916
1745.000 0.917
1750.000 0.917
1755.000 0.918
1760.000 0.917
1765.000 0.917
1770.000 0.918
1775.000 0.917
1780.000 0.917
1785.000 0.917
1790.000 0.917
1795.000 0.916
1800.000 0.918
1805.000 0.922
1810.000 0.921
1815.000 0.923
1820.000 0.923
1825.000 0.923
1830.000 0.922
1835.000 0.922
1840.000 0.922
1845.000 0.920
1850.000 0.921
1855.000 0.923
1860.000 0.924
1865.000 0.921
1870.000 0.920
1875.000 0.922
1880.000 0.920
1885.000 0.919
1890.000 0.920
1895.000 0.920
1900.000 0.919
1905.000 0.919
1910.000 0.919
1915.000 0.918
1920.000 0.917
1925.000 0.917
1930.000 0.919
1935.000 0.918
1940.000 0.920
1945.000 0.920
1950.000 0.918
1955.000 0.919
1960.000 0.919
1965.000 0.919
1970.000 0.920
1975.000 0.922
1980.000 0.923
1985.000 0.922
1990.000 0.920
1995.000 0.918
2000.000 0.918
2005.000 0.919
2010.000 0.918
2015.000 0.919
2020.000 0.920
2025.000 0.921
2030.000 0.921
2035.000 0.922
2040.000 0.922
2045.000 0.918
2050.000 0.916
2055.000 0.919
2060.000 0.920
2065.000 0.916
2070.000 0.917
2075.000 0.920
2080.000 0.920
2085.000 0.920
2090.000 0.922
2095.000 0.921
2100.000 0.918
2105.000 0.915
2110.000 0.916
2115.000 0.916
2120.000 0.917
2125.000 0.918
2130.000 0.917
2135.000 0.915
2140.000 0.913
2145.000 0.912
2150.000 0.913
2155.000 0.913
2160.000 0.912
2165.000 0.911
2170.000 0.910
2175.000 0.909
2180.000 0.907
2185.000 0.906
2190.000 0.904
2195.000 0.904
2200.000 0.903
2205.000 0.902
2210.000 0.901
2215.000 0.898
2220.000 0.899
2225.000 0.900
2230.000 0.902
2235.000 0.903
2240.000 0.901
2245.000 0.901
2250.000 0.903
2255.000 0.904
2260.000 0.904
2265.000 0.906
2270.000 0.906
2275.000 0.906
2280.000 0.908
2285.000 0.907
2290.000 0.907
2295.000 0.908
2300.000 0.906
2305.000 0.906
2310.000 0.907
2315.000 0.906
2320.000 0.905
2325.000 0.906
2330.000 0.907
2335.000 0.905
2340.000 0.904
2345.000 0.903
2350.000 0.904
2355.000 0.906
2360.000 0.905
2365.000 0.904
2370.000 0.902
2375.000 0.902
2380.000 0.900
2385.000 0.900
2390.000 0.899
2395.000 0.898
2400.000 0.896
2405.000 0.894
2410.000 0.890
2415.000 0.894
2420.000 0.894
2425.000 0.893
2430.000 0.892
2435.000 0.890
2440.000 0.889
2445.000 0.887
2450.000 0.888
2455.000 0.884
2460.000 0.886
2465.000 0.884
2470.000 0.885
2475.000 0.883
2480.000 0.884
2485.000 0.884
2490.000 0.881
2495.000 0.881
2500.000 0.881
2505.000 0.881
2510.000 0.880
2515.000 0.880
2520.000 0.877
2525.000 0.875
2530.000 0.875
2535.000 0.873
2540.000 0.873
2545.000 0.872
2550.000 0.871
2555.000 0.873
2560.000 0.872
2565.000 0.872
2570.000 0.871
2575.000 0.872
2580.000 0.872
2585.000 0.872
2590.000 0.870
2595.000 0.870
2600.000 0.869
