200 0.058
205 0.056
210 0.055
215 0.054
220 0.053
225 0.053
230 0.052
235 0.051
240 0.051
245 0.050
250 0.050
255 0.049
260 0.049
265 0.049
270 0.049
275 0.050
280 0.051
285 0.052
290 0.054
295 0.056
300 0.059
305 0.061
310 0.064
315 0.067
320 0.070
325 0.072
330 0.074
335 0.076
340 0.077
345 0.079
350 0.079
355 0.080
360 0.081
365 0.081
370 0.081
375 0.081
380 0.081
385 0.081
390 0.081
395 0.081
400 0.081
405 0.081
410 0.081
415 0.081
420 0.081
425 0.081
430 0.081
435 0.080
440 0.080
445 0.080
450 0.080
455 0.080
460 0.080
465 0.080
470 0.080
475 0.080
480 0.080
485 0.080
490 0.079
495 0.079
500 0.079
505 0.079
510 0.079
515 0.079
520 0.079
525 0.079
530 0.079
535 0.079
540 0.079
545 0.079
550 0.079
555 0.079
560 0.079
565 0.079
570 0.078
575 0.078
580 0.078
585 0.078
590 0.078
595 0.078
600 0.078
605 0.078
610 0.078
615 0.078
620 0.078
625 0.078
630 0.078
635 0.078
640 0.078
645 0.078
650 0.078
655 0.078
660 0.078
665 0.078
670 0.078
675 0.078
680 0.078
685 0.078
690 0.077
695 0.077
700 0.077
705 0.077
710 0.077
715 0.077
720 0.077
725 0.077
730 0.077
735 0.077
740 0.077
745 0.077
750 0.077
755 0.077
760 0.077
765 0.077
770 0.077
775 0.077
780 0.077
785 0.077
790 0.077
795 0.077
800 0.077
805 0.077
810 0.077
815 0.077
820 0.077
825 0.077
830 0.077
835 0.077
840 0.077
845 0.077
850 0.077
855 0.077
860 0.077
865 0.077
870 0.076
875 0.076
880 0.076
885 0.076
890 0.075
895 0.075
900 0.076
905 0.076
910 0.076
915 0.076
920 0.076
925 0.076
930 0.076
935 0.076
940 0.076
945 0.076
950 0.076
955 0.076
960 0.076
965 0.076
970 0.077
975 0.077
980 0.077
985 0.077
990 0.077
995 0.077
1000 0.077
1005 0.077
1010 0.077
1015 0.077
1020 0.077
1025 0.077
1030 0.077
1035 0.077
1040 0.077
1045 0.077
1050 0.077
1055 0.077
1060 0.077
1065 0.077
1070 0.077
1075 0.077
1080 0.077
1085 0.077
1090 0.077
1095 0.077
1100 0.077
1105 0.077
1110 0.077
1115 0.077
1120 0.077
1125 0.077
1130 0.077
1135 0.077
1140 0.077
1145 0.077
1150 0.077
1155 0.077
1160 0.077
1165 0.077
1170 0.078
1175 0.077
1180 0.077
1185 0.077
1190 0.077
1195 0.077
1200 0.078
1205 0.078
1210 0.077
1215 0.077
1220 0.077
1225 0.077
1230 0.077
1235 0.077
1240 0.077
1245 0.077
1250 0.077
1255 0.077
1260 0.077
1265 0.077
1270 0.077
1275 0.077
1280 0.077
1285 0.077
1290 0.077
1295 0.077
1300 0.077
1305 0.077
1310 0.077
1315 0.077
1320 0.077
1325 0.077
1330 0.077
1335 0.077
1340 0.077
1345 0.077
1350 0.077
1355 0.077
1360 0.076
1365 0.076
1370 0.076
1375 0.076
1380 0.076
1385 0.076
1390 0.076
1395 0.076
1400 0.076
1405 0.076
1410 0.076
1415 0.076
1420 0.076
1425 0.076
1430 0.076
1435 0.076
1440 0.076
1445 0.076
1450 0.076
1455 0.076
1460 0.076
1465 0.076
1470 0.076
1475 0.076
1480 0.076
1485 0.076
1490 0.076
1495 0.076
1500 0.076
1505 0.076
1510 0.076
1515 0.076
1520 0.076
1525 0.076
1530 0.076
1535 0.076
1540 0.076
1545 0.076
1550 0.076
1555 0.076
1560 0.076
1565 0.076
1570 0.076
1575 0.075
1580 0.075
1585 0.075
1590 0.075
1595 0.075
1600 0.075
1605 0.075
1610 0.075
1615 0.075
1620 0.075
1625 0.075
1630 0.075
1635 0.075
1640 0.075
1645 0.075
1650 0.075
1655 0.075
1660 0.075
1665 0.075
1670 0.075
1675 0.075
1680 0.075
1685 0.075
1690 0.075
1695 0.075
1700 0.075
1705 0.075
1710 0.075
1715 0.075
1720 0.074
1725 0.075
1730 0.075
1735 0.075
1740 0.074
1745 0.074
1750 0.074
1755 0.074
1760 0.074
1765 0.074
1770 0.074
1775 0.074
1780 0.074
1785 0.074
1790 0.074
1795 0.074
1800 0.074
1805 0.074
1810 0.074
1815 0.074
1820 0.074
1825 0.074
1830 0.074
1835 0.074
1840 0.074
1845 0.074
1850 0.073
1855 0.073
1860 0.073
1865 0.073
1870 0.073
1875 0.073
1880 0.073
1885 0.073
1890 0.073
1895 0.073
1900 0.073
1905 0.073
1910 0.073
1915 0.073
1920 0.073
1925 0.073
1930 0.073
1935 0.073
1940 0.073
1945 0.073
1950 0.073
1955 0.073
1960 0.073
1965 0.073
1970 0.073
1975 0.073
1980 0.073
1985 0.073
1990 0.073
1995 0.073
2000 0.073
2005 0.073
2010 0.073
2015 0.073
2020 0.073
2025 0.073
2030 0.073
2035 0.073
2040 0.073
2045 0.073
2050 0.072
2055 0.072
2060 0.072
2065 0.073
2070 0.073
2075 0.072
2080 0.072
2085 0.072
2090 0.072
2095 0.072
2100 0.072
2105 0.072
2110 0.072
2115 0.072
2120 0.072
2125 0.072
2130 0.072
2135 0.072
2140 0.071
2145 0.071
2150 0.071
2155 0.071
2160 0.071
2165 0.070
2170 0.071
2175 0.071
2180 0.070
2185 0.070
2190 0.070
2195 0.070
2200 0.070
2205 0.070
2210 0.070
2215 0.069
2220 0.069
2225 0.070
2230 0.070
2235 0.070
2240 0.070
2245 0.070
2250 0.070
2255 0.070
2260 0.069
2265 0.069
2270 0.069
2275 0.069
2280 0.069
2285 0.069
2290 0.070
2295 0.069
2300 0.069
2305 0.069
2310 0.069
2315 0.069
2320 0.068
2325 0.069
2330 0.069
2335 0.068
2340 0.068
2345 0.068
2350 0.068
2355 0.068
2360 0.068
2365 0.068
2370 0.068
2375 0.067
2380 0.067
2385 0.067
2390 0.067
2395 0.067
2400 0.067
2405 0.067
2410 0.067
2415 0.066
2420 0.066
2425 0.067
2430 0.067
2435 0.066
2440 0.066
2445 0.065
2450 0.066
2455 0.066
2460 0.065
2465 0.066
2470 0.066
2475 0.065
2480 0.065
2485 0.065
2490 0.064
2495 0.064
2500 0.064
2505 0.064
2510 0.063
2515 0.063
2520 0.063
2525 0.062
2530 0.062
2535 0.062
2540 0.059
2545 0.061
2550 0.059
2555 0.059
2560 0.057
2565 0.057
2570 0.054
2575 0.055
2580 0.053
2585 0.051
2590 0.050
2595 0.049
2600 0.047
