200 0.942
205 0.944
210 0.945
215 0.946
220 0.947
225 0.947
230 0.948
235 0.949
240 0.948
245 0.947
250 0.938
255 0.917
260 0.883
265 0.841
270 0.795
275 0.743
280 0.689
285 0.631
290 0.571
295 0.508
300 0.445
305 0.385
310 0.327
315 0.273
320 0.227
325 0.186
330 0.151
335 0.120
340 0.099
345 0.076
350 0.062
355 0.051
360 0.039
365 0.034
370 0.028
375 0.024
380 0.021
385 0.019
390 0.018
395 0.016
400 0.016
405 0.014
410 0.011
415 0.013
420 0.012
425 0.013
430 0.012
435 0.014
440 0.012
445 0.012
450 0.010
455 0.010
460 0.010
465 0.010
470 0.009
475 0.011
480 0.008
485 0.008
490 0.010
495 0.009
500 0.010
505 0.010
510 0.008
515 0.008
520 0.011
525 0.009
530 0.009
535 0.008
540 0.008
545 0.007
550 0.010
555 0.010
560 0.009
565 0.009
570 0.009
575 0.009
580 0.011
585 0.010
590 0.011
595 0.012
600 0.010
605 0.012
610 0.009
615 0.009
620 0.012
625 0.010
630 0.012
635 0.011
640 0.010
645 0.009
650 0.011
655 0.009
660 0.010
665 0.008
670 0.010
675 0.010
680 0.009
685 0.008
690 0.012
695 0.012
700 0.011
705 0.011
710 0.012
715 0.012
720 0.011
725 0.012
730 0.011
735 0.012
740 0.012
745 0.012
750 0.010
755 0.010
760 0.012
765 0.012
770 0.011
775 0.011
780 0.012
785 0.011
790 0.010
795 0.011
800 0.012
805 0.011
810 0.011
815 0.010
820 0.012
825 0.012
830 0.013
835 0.013
840 0.012
845 0.012
850 0.013
855 0.012
860 0.010
865 0.006
870 0.008
875 0.009
880 0.009
885 0.009
890 0.011
895 0.011
900 0.010
905 0.008
910 0.008
915 0.008
920 0.009
925 0.009
930 0.009
935 0.009
940 0.010
945 0.009
950 0.009
955 0.009
960 0.009
965 0.009
970 0.008
975 0.009
980 0.009
985 0.009
990 0.009
995 0.009
1000 0.009
1005 0.009
1010 0.009
1015 0.009
1020 0.009
1025 0.009
1030 0.009
1035 0.009
1040 0.009
1045 0.009
1050 0.009
1055 0.009
1060 0.009
1065 0.010
1070 0.009
1075 0.009
1080 0.008
1085 0.008
1090 0.008
1095 0.008
1100 0.008
1105 0.009
1110 0.010
1115 0.010
1120 0.009
1125 0.009
1130 0.009
1135 0.009
1140 0.009
1145 0.009
1150 0.009
1155 0.010
1160 0.010
1165 0.009
1170 0.007
1175 0.008
1180 0.008
1185 0.008
1190 0.009
1195 0.009
1200 0.007
1205 0.007
1210 0.008
1215 0.009
1220 0.009
1225 0.009
1230 0.008
1235 0.008
1240 0.008
1245 0.008
1250 0.008
1255 0.008
1260 0.008
1265 0.009
1270 0.009
1275 0.009
1280 0.008
1285 0.007
1290 0.008
1295 0.008
1300 0.007
1305 0.007
1310 0.007
1315 0.007
1320 0.007
1325 0.007
1330 0.007
1335 0.007
1340 0.007
1345 0.007
1350 0.008
1355 0.008
1360 0.009
1365 0.008
1370 0.008
1375 0.008
1380 0.008
1385 0.008
1390 0.008
1395 0.009
1400 0.011
1405 0.011
1410 0.011
1415 0.011
1420 0.011
1425 0.011
1430 0.010
1435 0.011
1440 0.010
1445 0.009
1450 0.009
1455 0.009
1460 0.008
1465 0.008
1470 0.008
1475 0.008
1480 0.009
1485 0.009
1490 0.008
1495 0.008
1500 0.006
1505 0.006
1510 0.007
1515 0.006
1520 0.006
1525 0.006
1530 0.006
1535 0.006
1540 0.006
1545 0.006
1550 0.006
1555 0.006
1560 0.006
1565 0.006
1570 0.006
1575 0.007
1580 0.007
1585 0.007
1590 0.007
1595 0.008
1600 0.007
1605 0.008
1610 0.008
1615 0.008
1620 0.008
1625 0.009
1630 0.009
1635 0.008
1640 0.007
1645 0.008
1650 0.008
1655 0.007
1660 0.007
1665 0.008
1670 0.008
1675 0.007
1680 0.008
1685 0.008
1690 0.009
1695 0.008
1700 0.008
1705 0.009
1710 0.009
1715 0.009
1720 0.009
1725 0.008
1730 0.008
1735 0.008
1740 0.010
1745 0.009
1750 0.009
1755 0.008
1760 0.009
1765 0.009
1770 0.008
1775 0.009
1780 0.009
1785 0.009
1790 0.009
1795 0.010
1800 0.008
1805 0.004
1810 0.005
1815 0.003
1820 0.003
1825 0.003
1830 0.004
1835 0.004
1840 0.004
1845 0.006
1850 0.006
1855 0.004
1860 0.003
1865 0.006
1870 0.007
1875 0.005
1880 0.007
1885 0.008
1890 0.007
1895 0.007
1900 0.008
1905 0.008
1910 0.008
1915 0.009
1920 0.010
1925 0.010
1930 0.008
1935 0.009
1940 0.007
1945 0.007
1950 0.009
1955 0.008
1960 0.008
1965 0.008
1970 0.007
1975 0.005
1980 0.004
1985 0.005
1990 0.007
1995 0.009
2000 0.009
2005 0.008
2010 0.009
2015 0.008
2020 0.007
2025 0.006
2030 0.006
2035 0.005
2040 0.005
2045 0.009
2050 0.012
2055 0.009
2060 0.008
2065 0.011
2070 0.010
2075 0.008
2080 0.008
2085 0.008
2090 0.006
2095 0.007
2100 0.010
2105 0.013
2110 0.012
2115 0.012
2120 0.011
2125 0.010
2130 0.011
2135 0.013
2140 0.016
2145 0.017
2150 0.016
2155 0.016
2160 0.017
2165 0.019
2170 0.019
2175 0.020
2180 0.023
2185 0.024
2190 0.026
2195 0.026
2200 0.027
2205 0.028
2210 0.029
2215 0.033
2220 0.032
2225 0.030
2230 0.028
2235 0.027
2240 0.029
2245 0.029
2250 0.027
2255 0.026
2260 0.027
2265 0.025
2270 0.025
2275 0.025
2280 0.023
2285 0.024
2290 0.023
2295 0.023
2300 0.025
2305 0.025
2310 0.024
2315 0.025
2320 0.027
2325 0.025
2330 0.024
2335 0.027
2340 0.028
2345 0.029
2350 0.028
2355 0.026
2360 0.027
2365 0.028
2370 0.030
2375 0.031
2380 0.033
2385 0.033
2390 0.034
2395 0.035
2400 0.037
2405 0.039
2410 0.043
2415 0.040
2420 0.040
2425 0.040
2430 0.041
2435 0.044
2440 0.045
2445 0.048
2450 0.046
2455 0.050
2460 0.049
2465 0.050
2470 0.049
2475 0.052
2480 0.051
2485 0.051
2490 0.055
2495 0.055
2500 0.055
2505 0.055
2510 0.057
2515 0.057
2520 0.060
2525 0.063
2530 0.063
2535 0.065
2540 0.068
2545 0.067
2550 0.070
2555 0.068
2560 0.071
2565 0.071
2570 0.075
2575 0.073
2580 0.075
2585 0.077
2590 0.080
2595 0.081
2600 0.084
