200	0.993
205	0.990
210	0.981
215	0.975
220	0.974
225	0.977
230	0.981
235	0.987
240	0.990
245	0.990
250	0.985
255	0.978
260	0.969
265	0.960
270	0.956
275	0.955
280	0.956
285	0.956
290	0.956
295	0.955
300	0.954
305	0.950
310	0.948
315	0.881
320	0.484
325	0.253
330	0.174
335	0.147
340	0.137
345	0.123
350	0.107
355	0.098
360	0.088
365	0.073
370	0.057
375	0.047
380	0.042
385	0.037
390	0.036
395	0.036
400	0.032
405	0.029
410	0.026
415	0.025
420	0.025
425	0.024
430	0.021
435	0.022
440	0.019
445	0.018
450	0.017
455	0.018
460	0.016
465	0.016
470	0.016
475	0.013
480	0.014
485	0.013
490	0.013
495	0.011
500	0.012
505	0.012
510	0.012
515	0.012
520	0.011
525	0.012
530	0.011
535	0.011
540	0.010
545	0.009
550	0.011
555	0.011
560	0.010
565	0.011
570	0.010
575	0.009
580	0.010
585	0.010
590	0.010
595	0.009
600	0.007
605	0.009
610	0.009
615	0.007
620	0.008
625	0.010
630	0.010
635	0.007
640	0.009
645	0.007
650	0.008
655	0.005
660	0.006
665	0.005
670	0.006
675	0.006
680	0.006
685	0.006
690	0.005
695	0.006
700	0.005
705	0.002
710	0.006
715	0.004
720	0.005
725	0.004
730	0.005
735	0.004
740	0.004
745	0.004
750	0.004
755	0.007
760	0.006
765	0.001
770	0.002
775	0.004
780	0.006
785	0.007
790	0.010
795	0.012
800	0.013
805	0.010
810	0.007
815	0.001
820	-0.003
825	-0.004
830	0.001
835	0.005
840	0.007
845	0.001
850	0.002
855	0.003
860	0.002
865	0.003
870	0.003
875	0.003
880	0.003
885	0.003
890	0.007
895	0.007
900	0.005
905	0.005
910	0.004
915	0.004
920	0.004
925	0.004
930	0.004
935	0.003
940	0.004
945	0.004
950	0.003
955	0.004
960	0.003
965	0.003
970	0.003
975	0.004
980	0.003
985	0.003
990	0.003
995	0.002
1000	0.001
1005	0.001
1010	0.002
1015	0.002
1020	0.001
1025	0.001
1030	0.001
1035	0.001
1040	0.001
1045	0.001
1050	0.001
1055	0.001
1060	0.001
1065	0.001
1070	0.000
1075	0.000
1080	0.000
1085	0.000
1090	-0.001
1095	-0.001
1100	0.000
1105	0.000
1110	0.000
1115	0.000
1120	0.001
1125	0.002
1130	0.003
1135	0.003
1140	0.003
1145	0.002
1150	0.002
1155	0.001
1160	0.001
1165	0.001
1170	0.000
1175	0.000
1180	0.001
1185	0.000
1190	0.000
1195	0.000
1200	0.000
1205	-0.001
1210	0.000
1215	0.000
1220	0.000
1225	-0.001
1230	-0.001
1235	-0.001
1240	-0.001
1245	-0.001
1250	-0.001
1255	-0.001
1260	-0.001
1265	-0.001
1270	-0.001
1275	-0.001
1280	-0.002
1285	-0.002
1290	-0.002
1295	-0.001
1300	-0.002
1305	-0.001
1310	-0.002
1315	-0.001
1320	-0.001
1325	-0.001
1330	-0.001
1335	-0.001
1340	-0.001
1345	-0.001
1350	0.001
1355	0.002
1360	0.001
1365	0.001
1370	0.002
1375	0.002
1380	0.002
1385	0.001
1390	0.001
1395	0.002
1400	0.003
1405	0.004
1410	0.004
1415	0.003
1420	0.004
1425	0.004
1430	0.003
1435	0.004
1440	0.002
1445	0.002
1450	0.001
1455	0.001
1460	0.001
1465	0.000
1470	0.001
1475	0.001
1480	0.000
1485	0.000
1490	0.000
1495	0.000
1500	-0.001
1505	-0.001
1510	-0.001
1515	-0.001
1520	-0.001
1525	-0.001
1530	-0.001
1535	-0.002
1540	-0.001
1545	-0.001
1550	0.000
1555	0.000
1560	0.000
1565	-0.001
1570	0.000
1575	-0.001
1580	-0.001
1585	0.000
1590	0.000
1595	0.001
1600	0.000
1605	0.001
1610	0.002
1615	0.004
1620	0.005
1625	0.006
1630	0.007
1635	0.010
1640	0.014
1645	0.021
1650	0.033
1655	0.046
1660	0.061
1665	0.068
1670	0.064
1675	0.054
1680	0.044
1685	0.037
1690	0.032
1695	0.027
1700	0.024
1705	0.024
1710	0.024
1715	0.023
1720	0.021
1725	0.020
1730	0.019
1735	0.019
1740	0.018
1745	0.016
1750	0.015
1755	0.013
1760	0.012
1765	0.012
1770	0.012
1775	0.010
1780	0.010
1785	0.010
1790	0.010
1795	0.012
1800	0.011
1805	0.024
1810	0.008
1815	0.015
1820	0.017
1825	0.006
1830	0.021
1835	0.008
1840	0.005
1845	0.022
1850	-0.002
1855	0.009
1860	0.022
1865	-0.002
1870	0.018
1875	0.019
1880	-0.004
1885	0.025
1890	0.019
1895	-0.002
1900	0.030
1905	0.019
1910	0.002
1915	0.035
1920	0.017
1925	0.001
1930	0.037
1935	0.013
1940	-0.004
1945	0.040
1950	0.018
1955	-0.001
1960	0.041
1965	0.016
1970	-0.016
1975	0.032
1980	0.022
1985	-0.022
1990	0.023
1995	0.036
2000	-0.022
2005	0.006
2010	0.045
2015	-0.013
2020	-0.013
2025	0.045
2030	0.010
2035	-0.025
2040	0.036
2045	0.041
2050	-0.019
2055	0.011
2060	0.056
2065	0.004
2070	-0.010
2075	0.055
2080	0.047
2085	-0.010
2090	0.024
2095	0.063
2100	0.010
2105	-0.005
2110	0.065
2115	0.078
2120	0.029
2125	0.060
2130	0.133
2135	0.106
2140	0.040
2145	0.069
2150	0.109
2155	0.071
2160	0.040
2165	0.078
2170	0.086
2175	0.026
2180	0.024
2185	0.090
2190	0.085
2195	0.013
2200	0.005
2205	0.063
2210	0.065
2215	0.013
2220	0.028
2225	0.101
2230	0.113
2235	0.071
2240	0.086
2245	0.148
2250	0.159
2255	0.125
2260	0.127
2265	0.166
2270	0.173
2275	0.123
2280	0.102
2285	0.143
2290	0.167
2295	0.130
2300	0.101
2305	0.140
2310	0.181
2315	0.157
2320	0.121
2325	0.147
2330	0.207
2335	0.216
2340	0.166
2345	0.133
2350	0.158
2355	0.186
2360	0.170
2365	0.130
2370	0.130
2375	0.166
2380	0.177
2385	0.143
2390	0.120
2395	0.145
2400	0.176
2405	0.164
2410	0.125
2415	0.120
2420	0.155
2425	0.179
2430	0.167
2435	0.166
2440	0.217
2445	0.294
2450	0.299
2455	0.233
2460	0.163
2465	0.142
2470	0.152
2475	0.149
2480	0.112
2485	0.083
2490	0.094
2495	0.125
2500	0.136
2505	0.108
2510	0.078
2515	0.084
2520	0.120
2525	0.135
2530	0.111
2535	0.074
2540	0.070
2545	0.095
2550	0.122
2555	0.126
2560	0.103
2565	0.072
2570	0.073
2575	0.099
2580	0.107
2585	0.098
2590	0.075
2595	0.062
2600	0.075
