230.0   0.00438359113988   0.287540581254
235.0   0.00411268310249   0.27858132396
240.0   0.00465093624531   0.268743482444
245.0   0.00523133223284   0.259778875544
250.0   0.00914861335556   0.253128699758
255.0   0.0183343498011   0.24940359485
260.0   0.0329080297715   0.246927628386
265.0   0.0496262978489   0.240374727889
270.0   0.0660094282117   0.222964616646
275.0   0.0841836763498   0.19098850371
280.0   0.106295321814   0.151439552979
285.0   0.136869261003   0.113296389506
290.0   0.178333584082   0.0836031878639
295.0   0.232608503054   0.0673080089883
300.0   0.297443810688   0.0662525887555
305.0   0.365695362701   0.0788523962151
310.0   0.430681909434   0.0976231096353
315.0   0.488445403591   0.115576255394
320.0   0.536280814188   0.129375122711
325.0   0.578045313395   0.139562736575
330.0   0.610897789427   0.144010672356
335.0   0.641352340176   0.146760227823
340.0   0.664322110807   0.147743566598
345.0   0.688136846295   0.147404008369
350.0   0.705057789863   0.14549248009
355.0   0.719802876839   0.143028464626
360.0   0.735324071469   0.14028126714
365.0   0.744992276603   0.136782229466
370.0   0.755357714628   0.133336160281
375.0   0.763673167433   0.129905835773
380.0   0.770983083049   0.126265513683
385.0   0.777156163162   0.122672416613
390.0   0.782276250815   0.119151782707
395.0   0.787771503199   0.115748044901
400.0   0.791358205684   0.112533748115
405.0   0.795981822201   0.109716158671
410.0   0.801117401681   0.107260395848
415.0   0.801705713365   0.104789218062
420.0   0.80441572721   0.10277556366
425.0   0.80492181494   0.101081041987
430.0   0.80675489544   0.0997842868946
435.0   0.805662260399   0.0986534408387
440.0   0.80753021609   0.0980912865081
445.0   0.807311856334   0.0977386935383
450.0   0.808395397505   0.0978746290269
455.0   0.807414532354   0.0982152856482
460.0   0.806109218099   0.0989210832382
465.0   0.804492823789   0.0999238842985
470.0   0.803370959774   0.10135292729
475.0   0.799538034107   0.102906869237
480.0   0.79946177228   0.105105087584
485.0   0.796697752909   0.107411925581
490.0   0.792020465189   0.109957710661
495.0   0.789618500293   0.112843491335
500.0   0.785347820824   0.115927481723
505.0   0.781689047389   0.119291964
510.0   0.77937666249   0.123045071072
515.0   0.77529198361   0.126904467116
520.0   0.768640264205   0.13086114288
525.0   0.765747513839   0.13528080842
530.0   0.761101947794   0.139817112837
535.0   0.757067896132   0.144597247065
540.0   0.752105680318   0.149511881956
545.0   0.747751981065   0.154661815184
550.0   0.740242696557   0.159766194604
555.0   0.734870388732   0.165198115341
560.0   0.730157889252   0.170787061392
565.0   0.724728577804   0.176303122825
570.0   0.719226198922   0.181914188457
575.0   0.713460774175   0.187837349131
580.0   0.7061645809   0.193779449944
585.0   0.701160958666   0.199735016875
590.0   0.694639969535   0.205709111193
595.0   0.688105471421   0.21172327338
600.0   0.683622214112   0.217948685556
605.0   0.676298833133   0.224060347624
610.0   0.67241792193   0.230418801686
615.0   0.666219441416   0.236933034173
620.0   0.657987247276   0.243342119612
625.0   0.653305171561   0.249777495898
630.0   0.64592709713   0.256082750995
635.0   0.640552481955   0.262509735822
640.0   0.635150156282   0.268966023986
645.0   0.629756380125   0.275405468886
650.0   0.622421580625   0.281754829043
655.0   0.617661727124   0.288245596319
660.0   0.611014826327   0.294610123046
665.0   0.606447286006   0.300861051436
670.0   0.599402853415   0.306965101678
675.0   0.593450836712   0.313324799453
680.0   0.588122871935   0.319707366659
685.0   0.582822991617   0.326049905849
690.0   0.574561974654   0.332220124813
695.0   0.568733207873   0.338491185628
700.0   0.563539273256   0.344737010112
705.0   0.557788220513   0.350926318653
710.0   0.551496155519   0.357062582669
715.0   0.546014291465   0.362959816589
720.0   0.541127736397   0.368854671927
725.0   0.534981010019   0.374867534723
730.0   0.53000787414   0.380864395662
735.0   0.523972854197   0.386775190453
740.0   0.518531357606   0.392671490619
745.0   0.513316010265   0.398305502716
750.0   0.509201163997   0.403947533293
755.0   0.503897161305   0.409693073148
760.0   0.497617382942   0.415324254676
765.0   0.492591006795   0.420769211111
770.0   0.488117742236   0.42619345105
775.0   0.483034897104   0.431712587007
780.0   0.477504549267   0.437159182145
785.0   0.473021840386   0.442597914251
790.0   0.468587634845   0.447972169821
795.0   0.463375258624   0.453077201919
800.0   0.458218524894   0.458137855853
805.0   0.454038393727   0.463222459004
810.0   0.449434864585   0.468225852592
815.0   0.445345106995   0.473199314323
820.0   0.439909353718   0.478073757291
825.0   0.435465216106   0.482913633307
830.0   0.430616209599   0.487689527829
835.0   0.426271444287   0.492434613362
840.0   0.422424018343   0.497135811794
845.0   0.418180333164   0.501764822291
850.0   0.413548441171   0.506331504795
855.0   0.409834605311   0.510879174095
860.0   0.40659493787   0.515375920683
865.0   0.404231212162   0.519853290914
870.0   0.399367931417   0.524197983055
875.0   0.394986621168   0.528501016673
880.0   0.391073806036   0.532763438732
885.0   0.38720622241   0.536980015067
890.0   0.382577688814   0.541125251724
895.0   0.378814700126   0.545235467422
900.0   0.375491751645   0.549311684329
905.0   0.372596703325   0.553354975405
910.0   0.368955976595   0.557325725881
915.0   0.365364055305   0.561239723721
920.0   0.361434112497   0.565098844036
925.0   0.35793063252   0.568926538108
930.0   0.354471788385   0.57270476777
935.0   0.351057982483   0.576432004207
940.0   0.347318517503   0.580106831752
945.0   0.344352639543   0.583761366762
950.0   0.3410636402   0.587355840743
955.0   0.337816700722   0.590903603114
960.0   0.334608892418   0.594411256232
965.0   0.331439783804   0.597879189223
970.0   0.328659043248   0.601308463187
975.0   0.325224472784   0.604675100305
980.0   0.322173992799   0.608012851884
985.0   0.319160413075   0.611312671311
990.0   0.316186195111   0.614566915703
995.0   0.313249751044   0.617779222031
1000.0   0.310348848182   0.620954995105
1005.0   0.3074830534   0.624094638475
1010.0   0.304654088295   0.627192207896
1015.0   0.301861362157   0.630248611066
1020.0   0.299102407011   0.633270273592
1025.0   0.296376797205   0.636257596122
1030.0   0.293685325754   0.639207161059
1035.0   0.291028840838   0.642115411074
1040.0   0.288404398446   0.64499068493
1045.0   0.28581158396   0.647833375898
1050.0   0.283250153422   0.650643314707
1055.0   0.280722666079   0.653410965679
1060.0   0.278225546941   0.656147361025
1065.0   0.275465866303   0.658846225981
1070.0   0.273320813613   0.661527911713
1075.0   0.270914423677   0.664165604632
1080.0   0.268822809634   0.66677669317
1085.0   0.266472040245   0.669352130522
1090.0   0.264149288686   0.671898715207
1095.0   0.261854779021   0.674414496193
1100.0   0.259589531679   0.676894496665
1105.0   0.257077959338   0.679341073899
1110.0   0.254597528208   0.681760575695
1115.0   0.252416342464   0.684158926629
1120.0   0.250528809578   0.686529667133
1125.0   0.248398814654   0.688865646494
1130.0   0.246293860752   0.69117584701
1135.0   0.244213604775   0.693460600171
1140.0   0.242157788604   0.695719872849
1145.0   0.240127949786   0.69794562605
1150.0   0.23812178654   0.700147032384
1155.0   0.235887613578   0.702319525285
1160.0   0.23392987205   0.704473260168
1165.0   0.232242653882   0.706605681833
1170.0   0.230820486963   0.708713470348
1175.0   0.228682319141   0.710784535786
1180.0   0.226811322615   0.712837864787
1185.0   0.224961816533   0.714869093772
1190.0   0.222896661751   0.71687029764
1195.0   0.221092712268   0.718849999558
1200.0   0.219777031693   0.720817001268
1205.0   0.218010268649   0.722754572141
1210.0   0.216033366112   0.724667470674
1215.0   0.214080619346   0.726555997797
1220.0   0.212378151118   0.728424834551
1225.0   0.210694872273   0.730273983977
1230.0   0.209253584066   0.732107531626
1235.0   0.207606171096   0.733918011184
1240.0   0.205977775643   0.735705858057
1245.0   0.204368178929   0.73747114065
1250.0   0.202776498883   0.73921808545
1255.0   0.201202489844   0.740946930313
1260.0   0.199645909825   0.742657909795
1265.0   0.197895493709   0.744345334886
1270.0   0.196375719984   0.746014025354
1275.0   0.19487264685   0.747665630723
1280.0   0.193592698443   0.749303649219
1285.0   0.192325944742   0.750924924944
1290.0   0.190665028444   0.752522702139
1295.0   0.189225932738   0.754101048532
1300.0   0.188003051066   0.75566656305
1305.0   0.18659347733   0.757213227745
1310.0   0.185199106001   0.758744378983
1315.0   0.183819731783   0.760260215219
1320.0   0.182455740082   0.761756012368
1325.0   0.181106566045   0.763235074988
1330.0   0.179771787909   0.76469948792
1335.0   0.178451212367   0.766149437486
1340.0   0.17714464913   0.767585107247
1345.0   0.175852087303   0.769005035175
1350.0   0.174387198575   0.770403497531
1355.0   0.173123592702   0.771790999158
1360.0   0.171689435526   0.773162427063
1365.0   0.170635994234   0.774525701495
1370.0   0.16941165187   0.775873239305
1375.0   0.168200457267   0.777203593843
1380.0   0.167002041991   0.778519052732
1385.0   0.165816033617   0.77982192446
1390.0   0.164642268752   0.781112365983
1395.0   0.163305619864   0.782388194646
1400.0   0.161809663371   0.783649668946
1405.0   0.160675781554   0.784897978854
1410.0   0.159553499018   0.78613428762
1415.0   0.158442643312   0.787358990087
1420.0   0.157343065742   0.788572229199
1425.0   0.15625461988   0.789774145834
1430.0   0.155343890851   0.790966177924
1435.0   0.154111065708   0.792137856957
1440.0   0.153220031521   0.793302867517
1445.0   0.152337380229   0.794457115981
1450.0   0.151300733557   0.79559872751
1455.0   0.150274406497   0.796729890024
1460.0   0.149418455911   0.797851565443
1465.0   0.148411700694   0.79895648088
1470.0   0.147414885906   0.80005138963
1475.0   0.146427885136   0.801136411961
1480.0   0.145294659083   0.802209816209
1485.0   0.144327938994   0.803275444171
1490.0   0.14352457424   0.804332624489
1495.0   0.142575938923   0.805373741909
1500.0   0.141940354547   0.806409128667
1505.0   0.14100805437   0.807431818553
1510.0   0.139934781943   0.808443768448
1515.0   0.139170342293   0.809450223081
1520.0   0.138264707297   0.810446149116
1525.0   0.137368008898   0.811428337943
1530.0   0.136479890928   0.812401630212
1535.0   0.135600228932   0.813366473949
1540.0   0.134728918483   0.814322967572
1545.0   0.133865856701   0.815271208115
1550.0   0.133010942229   0.816211291244
1555.0   0.132164225077   0.81714010329
1560.0   0.131325552439   0.818058978431
1565.0   0.130494733436   0.81897003394
1570.0   0.129671672406   0.819873359554
1575.0   0.128718188049   0.82076759457
1580.0   0.127911217542   0.821655742733
1585.0   0.127111751848   0.822535601037
1590.0   0.12631984159   0.823403844317
1595.0   0.125400541833   0.82426346732
1600.0   0.124757816685   0.82511868242
1605.0   0.123854486636   0.825964096751
1610.0   0.123092043496   0.826803869446
1615.0   0.122336544543   0.827636719203
1620.0   0.121588007417   0.82845988907
1625.0   0.120716507162   0.829272957292
1630.0   0.119982309164   0.830080678134
1635.0   0.119382990416   0.830883078834
1640.0   0.118788699458   0.831678957001
1645.0   0.117945834321   0.832465947574
1650.0   0.117236882032   0.833247819757
1655.0   0.116659630695   0.83402052334
1660.0   0.115962647113   0.834785144402
1665.0   0.115148059108   0.835542511267
1670.0   0.114464090063   0.8362950259
1675.0   0.113908485545   0.837042712562
1680.0   0.113114173166   0.837782235066
1685.0   0.112448086872   0.838517058
1690.0   0.11166776323   0.839240417267
1695.0   0.111133567073   0.839960243862
1700.0   0.110484880999   0.840673379569
1705.0   0.109723712149   0.841379921996
1710.0   0.109086897465   0.842082052793
1715.0   0.108455577884   0.842778762713
1720.0   0.107829691091   0.843470109297
1725.0   0.107324706666   0.844152704181
1730.0   0.106708950998   0.844828990192
1735.0   0.10609845382   0.845500128033
1740.0   0.105266222204   0.846164226323
1745.0   0.104780160814   0.846826212498
1750.0   0.104185722048   0.847482238247
1755.0   0.10370788016   0.848134268318
1760.0   0.103011924617   0.848775862208
1765.0   0.102432471533   0.849412847034
1770.0   0.101967596348   0.850046001776
1775.0   0.101288086532   0.850672647345
1780.0   0.100723047942   0.851295559881
1785.0   0.100162708713   0.851913877667
1790.0   0.0996070172986   0.852527647683
1795.0   0.0989492540324   0.853133773085
1800.0   0.0986156291067   0.853736006049
1805.0   0.0984955465672   0.854335527403
1810.0   0.0978500733185   0.854926478868
1815.0   0.0975237025562   0.855515650782
1820.0   0.0969915420085   0.856098914604
1825.0   0.096463716291   0.856677985355
1830.0   0.0958373396098   0.857251782819
1835.0   0.0953186556942   0.857818397568
1840.0   0.0948041660404   0.858380985133
1845.0   0.0940914854539   0.85893803741
1850.0   0.0935863277207   0.85949270656
1855.0   0.0932854170591   0.860044981818
1860.0   0.092886859062   0.860592606055
1865.0   0.0920950004483   0.861133413354
1870.0   0.0915073322402   0.861670013673
1875.0   0.0912185450921   0.862202888681
1880.0   0.0905416732305   0.862729181756
1885.0   0.0899676363475   0.863252570516
1890.0   0.0895912180775   0.863773766163
1895.0   0.0891215927924   0.864290677501
1900.0   0.0885602262175   0.864803360983
1905.0   0.0880984223973   0.865313231171
1910.0   0.087640250336   0.865816804739
1915.0   0.0870917223977   0.866315114386
1920.0   0.0865477089439   0.866810069071
1925.0   0.086101098784   0.86730235018
1930.0   0.0858429200628   0.867792613514
1935.0   0.0853102062293   0.86827766292
1940.0   0.0850565162523   0.86876137647
1945.0   0.0846221080908   0.869240600517
1950.0   0.0840097592931   0.869712361076
1955.0   0.0836730918912   0.870181987065
1960.0   0.0832490428487   0.870647907311
1965.0   0.0828282150086   0.871110769088
1970.0   0.082499421846   0.871571195402
1975.0   0.0822613549396   0.87202919842
1980.0   0.0819366925806   0.872483620776
1985.0   0.0814391009594   0.872933926811
1990.0   0.0808583815673   0.873378130757
1995.0   0.0802825085553   0.873818288417
2000.0   0.07988380054   0.874256756209
2005.0   0.0795738545969   0.8746929719
2010.0   0.0790952669718   0.875125299659
2015.0   0.0787903354706   0.875555968883
2020.0   0.0784874751727   0.875983897741
2025.0   0.0781866666267   0.876409111013
2030.0   0.0778041319382   0.876829512317
2035.0   0.0775077836946   0.87724564747
2040.0   0.0771304517386   0.877658654168
2045.0   0.0764257416176   0.878067033298
2050.0   0.0758092553333   0.878473412583
2055.0   0.0756879273929   0.878880295628
2060.0   0.0754043601211   0.879283649804
2065.0   0.0747989581699   0.87968253963
2070.0   0.0745206121393   0.880080941333
2075.0   0.0743242926212   0.880473744176
2080.0   0.0739694569164   0.880863157244
2085.0   0.0736171667551   0.881250202154
2090.0   0.0734255188557   0.881635840054
2095.0   0.072998806063   0.882017735188
2100.0   0.0724187558059   0.882396411919
2105.0   0.0718435055021   0.882772832268
2110.0   0.0715829035339   0.883148811989
2115.0   0.0712468401282   0.883520705558
2120.0   0.070989954119   0.883888633252
2125.0   0.0707347207927   0.884254374568
2130.0   0.0703289119944   0.884617078914
2135.0   0.0698504178162   0.884977220783
2140.0   0.0693003502708   0.885334833022
2145.0   0.0689046313804   0.885691204966
2150.0   0.0686610602509   0.886046327789
2155.0   0.0683447434564   0.886398960511
2160.0   0.0679566963695   0.886747029747
2165.0   0.0674979527901   0.887091291065
2170.0   0.0671891736338   0.887434377843
2175.0   0.0668096369812   0.887775096332
2180.0   0.0662878499405   0.888113084389
2185.0   0.0659145338518   0.888449929494
2190.0   0.0654721308227   0.888784475443
2195.0   0.0651760482062   0.889117884705
2200.0   0.0648108277497   0.889449026045
2205.0   0.0644482663284   0.889776132879
2210.0   0.0640883355146   0.890100146082
2215.0   0.0635206099612   0.890421259532
2220.0   0.0633064298791   0.890742393803
2225.0   0.0631630806071   0.891062089839
2230.0   0.0630204539546   0.89138000026
2235.0   0.0628095771333   0.891695787361
2240.0   0.0623940292236   0.892008776695
2245.0   0.0621182259439   0.892320737033
2250.0   0.0619803480874   0.89263006464
2255.0   0.061775385787   0.892935601706
2260.0   0.0614367035457   0.893238795766
2265.0   0.0613019393385   0.893541348084
2270.0   0.0610340051168   0.893841589215
2275.0   0.0607678352338   0.894140206314
2280.0   0.0606360900508   0.894437864733
2285.0   0.0603067711274   0.894732942617
2290.0   0.0601112907684   0.895027081741
2295.0   0.0598514612778   0.89531889167
2300.0   0.0594629329286   0.895605668723
2305.0   0.0592070470597   0.895891558945
2310.0   0.0590174609248   0.896176247892
2315.0   0.0587002407411   0.896458818399
2320.0   0.0583211505997   0.896739603194
2325.0   0.0581999597519   0.897020126913
2330.0   0.0580157793107   0.897298877211
2335.0   0.0575795721501   0.897574983077
2340.0   0.0572725688332   0.897850249546
2345.0   0.0569676778789   0.898122188482
2350.0   0.056789729705   0.898391996008
2355.0   0.0566749975606   0.898660700455
2360.0   0.056374947313   0.898927170307
2365.0   0.0560769355203   0.899192281366
2370.0   0.0557195613438   0.899455765758
2375.0   0.0554258408377   0.899718192155
2380.0   0.0550732674069   0.899979017389
2385.0   0.054844334006   0.900239068592
2390.0   0.0545565133624   0.900497538211
2395.0   0.0542646356538   0.90075199929
2400.0   0.0539209198726   0.901004498624
2405.0   0.0535796313085   0.901255747256
2410.0   0.0531222834578   0.901505241653
2415.0   0.0530812399453   0.90175529165
2420.0   0.0528638353885   0.902003339052
2425.0   0.0526477743683   0.902250162188
2430.0   0.0523747544435   0.902495521471
2435.0   0.0519874896094   0.902739187055
2440.0   0.0517185587602   0.902982155047
2445.0   0.0513363971307   0.903220647346
2450.0   0.0512433207041   0.903458920987
2455.0   0.0508083466444   0.903694618796
2460.0   0.0506604860864   0.9039303637
2465.0   0.0504002884552   0.904164507809
2470.0   0.0502544532764   0.904397992021
2475.0   0.0498849758326   0.904629442597
2480.0   0.0497415548532   0.904860701154
2485.0   0.0495432469484   0.905090630883
2490.0   0.0491245015949   0.90531857865
2495.0   0.0489294629577   0.905544027379
2500.0   0.0487355985354   0.905767714768