SCC Single Stack - Ag 11nm - AlN 43nm					
	Transmittance	Reflectance	AM 1.5		42
300	32.770365	6.403465	3.20E-02	4.56E-04	
305	39.079803	7.720257	6.27E-01	8.93E-03	
310	45.583929	9.540912	1.95E+00	2.78E-02	
315	51.463935	11.230692	5.18E+00	7.37E-02	
320	56.509553	12.5461	7.92E+00	1.13E-01	
325	60.779656	13.451713	1.09E+01	1.55E-01	
330	64.279139	13.792824	1.84E+01	2.62E-01	
335	66.991857	13.753437	1.86E+01	2.65E-01	
340	69.077501	13.51378	2.08E+01	2.97E-01	
345	70.902488	13.17791	1.96E+01	2.79E-01	
350	72.390621	12.755275	2.31E+01	3.29E-01	
355	73.575472	12.24438	2.75E+01	3.91E-01	
360	74.516556	11.691778	2.76E+01	3.92E-01	
365	75.092768	11.13861	2.94E+01	4.18E-01	
370	75.852769	10.620392	3.63E+01	5.17E-01	
375	76.275017	10.06456	2.89E+01	4.11E-01	
380	76.857985	9.621128	3.49E+01	4.98E-01	
385	77.315533	9.268652	3.42E+01	4.86E-01	
390	77.896777	8.984025	4.11E+01	5.85E-01	
395	78.736444	8.760066	4.22E+01	6.01E-01	
400	79.472876	8.562602	5.90E+01	8.40E-01	
405	80.188944	8.372321	6.17E+01	8.78E-01	
410	80.793115	8.19391	5.68E+01	8.09E-01	
415	81.326488	8.010696	6.71E+01	9.56E-01	
420	81.850418	7.844939	6.21E+01	8.85E-01	
425	82.162923	7.690641	6.98E+01	9.93E-01	
430	82.635641	7.554549	4.93E+01	7.01E-01	
435	82.810635	7.445902	7.07E+01	1.01E+00	
440	83.115103	7.364825	7.72E+01	1.10E+00	
445	83.137063	7.306663	8.42E+01	1.20E+00	
450	83.294104	7.272287	9.05E+01	1.29E+00	
455	83.256518	7.267987	8.89E+01	1.27E+00	
460	83.464825	7.295114	8.98E+01	1.28E+00	
465	83.418712	7.358003	9.06E+01	1.29E+00	
470	83.341819	7.451977	8.95E+01	1.27E+00	
475	83.262345	7.574702	9.66E+01	1.38E+00	
480	83.205895	7.737585	9.71E+01	1.38E+00	
485	82.911707	7.947874	9.45E+01	1.35E+00	
490	82.657573	8.124076	9.81E+01	1.40E+00	
495	82.566425	8.366663	1.00E+02	1.42E+00	
500	82.262952	8.64569	9.41E+01	1.34E+00	
505	82.106795	8.93576	9.55E+01	1.36E+00	
510	81.787476	9.257946	9.48E+01	1.35E+00	
515	81.55164	9.604411	9.40E+01	1.34E+00	
520	81.131835	9.97473	9.38E+01	1.33E+00	
525	80.757471	10.36977	9.73E+01	1.39E+00	
530	80.169698	10.789886	9.55E+01	1.36E+00	
535	79.650475	11.232931	9.62E+01	1.37E+00	
540	79.25333	11.693562	9.20E+01	1.31E+00	
545	78.78799	12.174998	9.59E+01	1.37E+00	
550	78.28363	12.672813	9.59E+01	1.36E+00	
555	77.626456	13.185608	9.75E+01	1.39E+00	
560	77.173986	13.721958	9.21E+01	1.31E+00	
565	76.600924	14.269627	9.52E+01	1.36E+00	
570	76.016092	14.829153	9.30E+01	1.32E+00	
575	75.456454	15.403051	9.29E+01	1.32E+00	
580	74.858662	15.98547	9.45E+01	1.35E+00	
585	74.234138	16.585152	9.65E+01	1.37E+00	
590	73.689926	17.184544	8.65E+01	1.23E+00	
595	73.149667	17.803569	9.04E+01	1.29E+00	
600	72.518217	18.427559	9.33E+01	1.33E+00	
605	71.88907	19.053367	9.42E+01	1.34E+00	
610	71.208313	19.691057	9.30E+01	1.32E+00	
615	70.497585	20.336495	9.31E+01	1.33E+00	
620	69.995346	20.976512	9.34E+01	1.33E+00	
625	69.323128	21.626546	8.90E+01	1.27E+00	
630	68.638431	22.285155	8.84E+01	1.26E+00	
635	68.061135	22.941406	9.18E+01	1.31E+00	
640	67.326925	23.599347	9.10E+01	1.30E+00	
645	66.564809	24.268581	9.25E+01	1.32E+00	
650	65.964732	24.921876	8.64E+01	1.23E+00	
655	65.468776	25.591667	8.58E+01	1.22E+00	
660	64.779749	26.26094	8.90E+01	1.27E+00	
665	64.178499	26.915284	9.04E+01	1.29E+00	
670	63.471752	27.576658	9.03E+01	1.29E+00	
675	62.847331	28.235346	8.88E+01	1.26E+00	
680	62.148784	28.896683	8.88E+01	1.27E+00	
685	61.477726	29.542069	8.75E+01	1.25E+00	
690	60.79799	30.203573	7.55E+01	1.07E+00	
695	60.176504	30.857402	8.10E+01	1.15E+00	
700	59.782531	31.501944	8.17E+01	1.16E+00	
705	59.063191	32.139806	8.42E+01	1.20E+00	
710	58.461886	32.790075	8.40E+01	1.20E+00	
715	57.771815	33.421958	8.03E+01	1.14E+00	
720	57.136754	34.048603	6.32E+01	8.99E-01	
725	56.527045	34.683753	6.65E+01	9.47E-01	
730	55.891016	35.30974	7.23E+01	1.03E+00	
735	55.236852	35.927119	7.80E+01	1.11E+00	
740	54.631379	36.541134	7.81E+01	1.11E+00	
745	54.085408	37.161079	8.01E+01	1.14E+00	
750	53.630717	37.756092	7.92E+01	1.13E+00	
755	53.005744	38.357012	7.95E+01	1.13E+00	
760	52.310813	38.937561	1.74E+01	2.47E-01	
765	51.884681	39.526789	4.45E+01	6.34E-01	
770	51.207221	40.106269	7.48E+01	1.06E+00	
775	50.651357	40.685058	7.59E+01	1.08E+00	
780	50.097762	41.261292	7.51E+01	1.07E+00	
785	49.556196	41.808804	7.48E+01	1.06E+00	
790	49.076849	42.388573	7.06E+01	1.00E+00	
795	48.480356	42.951172	7.07E+01	1.01E+00	
800	47.893047	43.47386	6.94E+01	9.89E-01	
805	47.306451	44.013771	6.83E+01	9.73E-01	
810	46.920517	44.532512	6.85E+01	9.75E-01	
815	46.294047	45.062362	5.82E+01	8.29E-01	
820	45.863662	45.575572	5.61E+01	7.99E-01	
825	45.347113	46.089256	6.30E+01	8.98E-01	
830	44.844281	46.583916	5.97E+01	8.49E-01	
835	44.326564	47.093068	6.53E+01	9.29E-01	
840	43.876006	47.564277	6.61E+01	9.41E-01	
845	43.336862	48.087686	6.62E+01	9.42E-01	
850	42.960177	48.570398	5.82E+01	8.29E-01	
855	42.397275	49.040677	5.95E+01	8.47E-01	
860	42.028461	49.517197	6.45E+01	9.18E-01	
865	41.514878	49.964942	6.29E+01	8.95E-01	
870	41.054838	50.411002	6.32E+01	8.99E-01	
875	40.674873	50.873754	6.05E+01	8.62E-01	
880	40.245179	51.321118	6.14E+01	8.74E-01	
885	39.981448	51.740666	6.17E+01	8.79E-01	
890	39.409857	52.188358	6.05E+01	8.61E-01	
895	39.049427	52.613055	5.33E+01	7.60E-01	
900	39.083927	52.582103	4.88E+01	6.94E-01	
905	38.659114	53.041751	5.36E+01	7.63E-01	
910	38.258204	53.563265	4.11E+01	5.86E-01	
915	37.884885	53.926487	4.46E+01	6.36E-01	
920	37.454587	54.287021	4.89E+01	6.97E-01	
925	37.06146	54.765042	4.68E+01	6.66E-01	
930	36.664881	55.1532	2.86E+01	4.07E-01	
935	36.311272	55.560712	1.66E+01	2.37E-01	
940	35.947319	55.918142	3.12E+01	4.44E-01	
945	35.559919	56.339948	2.44E+01	3.47E-01	
950	35.171686	56.771015	9.79E+00	1.39E-01	
955	34.798385	57.148058	2.26E+01	3.22E-01	
960	34.449887	57.541225	2.79E+01	3.97E-01	
965	34.104476	57.885087	3.33E+01	4.75E-01	
970	33.753705	58.282489	4.19E+01	5.97E-01	
975	33.41093	58.631459	3.90E+01	5.55E-01	
980	33.090494	58.969254	4.00E+01	5.69E-01	
985	32.760965	59.331645	4.55E+01	6.47E-01	
990	32.428696	59.663694	4.84E+01	6.88E-01	
995	32.085779	60.01105	4.96E+01	7.07E-01	
1000	31.783516	60.334269	4.86E+01	6.92E-01	
1005	31.493612	60.681586	4.50E+01	6.41E-01	
1010	31.175511	61.036167	4.75E+01	6.77E-01	
1015	30.838773	61.326966	4.68E+01	6.67E-01	
1020	30.534118	61.65302	4.62E+01	6.58E-01	
1025	30.229724	61.99235	4.62E+01	6.57E-01	
1030	29.937773	62.295336	4.57E+01	6.51E-01	
1035	29.673261	62.609202	4.52E+01	6.43E-01	
1040	29.400262	62.93464	4.45E+01	6.34E-01	
1045	29.109423	63.234315	4.40E+01	6.27E-01	
1050	28.83117	63.538917	4.34E+01	6.18E-01	
1055	28.549312	63.803687	4.30E+01	6.12E-01	
1060	28.28031	64.080334	4.22E+01	6.01E-01	
1065	28.034111	64.369033	4.18E+01	5.95E-01	
1070	27.743462	64.639797	4.02E+01	5.72E-01	
1075	27.480722	64.913275	3.94E+01	5.61E-01	
1080	27.222744	65.18418	3.97E+01	5.65E-01	
1085	26.976299	65.437298	3.94E+01	5.62E-01	
1090	26.709347	65.684804	3.70E+01	5.27E-01	
1095	26.444232	65.949643	3.47E+01	4.94E-01	
1100	26.219099	66.205952	3.24E+01	4.61E-01	
1105	25.980678	66.462185	3.38E+01	4.81E-01	
1110	25.748729	66.70954	3.20E+01	4.55E-01	
1115	25.530219	66.946801	1.67E+01	2.38E-01	
1120	25.283781	67.204767	9.53E+00	1.36E-01	
1125	25.075825	67.436882	9.69E+00	1.38E-01	
1130	24.844381	67.669269	4.75E+00	6.76E-02	
1135	24.599074	67.901044	1.04E+00	1.48E-02	
1140	24.39308	68.127941	1.72E+01	2.44E-01	
1145	24.190764	68.356091	9.82E+00	1.40E-01	
1150	23.969511	68.560181	8.18E+00	1.16E-01	
1155	23.747892	68.789464	2.10E+01	2.99E-01	
1160	23.541432	68.986387	1.92E+01	2.74E-01	
1165	23.337307	69.219011	2.60E+01	3.71E-01	
1170	23.139132	69.415461	3.07E+01	4.37E-01	
1175	22.935399	69.631088	3.03E+01	4.31E-01	
1180	22.737256	69.814503	2.95E+01	4.21E-01	
1185	22.554991	70.042702	2.73E+01	3.89E-01	
1190	22.353651	70.300721	3.10E+01	4.41E-01	
1195	22.147257	70.508754	3.00E+01	4.27E-01	
1200	21.954804	70.707304	3.01E+01	4.28E-01	
1205	21.779006	70.912427	2.93E+01	4.17E-01	
1210	21.59646	71.095195	3.04E+01	4.33E-01	
1215	21.420704	71.292575	2.87E+01	4.09E-01	
1220	21.246513	71.458312	3.07E+01	4.37E-01	
1225	21.072144	71.613522	3.10E+01	4.41E-01	
1230	20.899426	71.808381	3.09E+01	4.39E-01	
1235	20.726353	72.009191	3.12E+01	4.44E-01	
1240	20.54437	72.188224	3.09E+01	4.40E-01	
1245	20.362618	72.371615	3.06E+01	4.36E-01	
1250	20.191288	72.544644	3.07E+01	4.37E-01	
1255	20.033059	72.709679	3.03E+01	4.31E-01	
1260	19.8854	72.858521	2.90E+01	4.12E-01	
1265	19.734855	73.011176	2.66E+01	3.79E-01	
1270	19.568031	73.189482	2.60E+01	3.71E-01	
1275	19.407485	73.336274	2.77E+01	3.95E-01	
1280	19.261965	73.486409	2.84E+01	4.04E-01	
1285	19.096067	73.676891	2.85E+01	4.06E-01	
1290	18.936961	73.808667	2.78E+01	3.95E-01	
1295	18.78901	73.978328	2.73E+01	3.88E-01	
1300	18.64562	74.086947	2.38E+01	3.39E-01	
1305	18.504778	74.231766	2.58E+01	3.68E-01	
1310	18.371165	74.358219	2.03E+01	2.89E-01	
1315	18.222929	74.50782	1.93E+01	2.74E-01	
1320	18.078787	74.67898	1.75E+01	2.49E-01	
1325	17.936293	74.791133	2.17E+01	3.09E-01	
1330	17.786412	74.925535	1.55E+01	2.21E-01	
1335	17.645353	75.098818	1.56E+01	2.22E-01	
1340	17.518405	75.225104	1.14E+01	1.62E-01	
1345	17.395873	75.349793	7.39E+00	1.05E-01	
1350	17.266338	75.470268	1.09E+00	1.55E-02	
1355	17.144286	75.544922	2.45E-04	3.48E-06	
1360	17.014898	75.665988	1.45E-04	2.07E-06	
1365	16.860602	75.739173	6.17E-10	8.78E-12	
1370	16.715467	75.913121	1.99E-05	2.83E-07	
1375	16.585118	76.050718	2.20E-02	3.13E-04	
1380	16.449832	76.137668	5.55E-03	7.90E-05	
1385	16.315923	76.278677	1.42E-04	2.03E-06	
1390	16.182598	76.395648	3.36E-02	4.78E-04	
1395	16.047446	76.557819	4.57E-05	6.51E-07	
1400	15.92948	76.663178	2.21E-07	3.15E-09	
1405	15.815392	76.797311	2.49E-05	3.54E-07	
1410	15.694681	76.876929	3.18E-02	4.53E-04	
1415	15.580981	76.992174	1.25E-02	1.79E-04	
1420	15.473955	77.134367	5.65E-01	8.04E-03	
1425	15.358292	77.243199	1.77E+00	2.51E-02	
1430	15.248902	77.347565	4.21E+00	5.99E-02	
1435	15.152423	77.435206	1.46E+00	2.08E-02	
1440	15.046063	77.551511	2.71E+00	3.85E-02	
1445	14.944809	77.654799	3.40E+00	4.84E-02	
1450	14.84183	77.75666	1.88E+00	2.67E-02	
1455	14.740227	77.846592	4.52E+00	6.44E-02	
1460	14.656622	77.973991	5.84E+00	8.32E-02	
1465	14.56392	78.077616	6.39E+00	9.09E-02	
1470	14.45758	78.183762	3.40E+00	4.84E-02	
1475	14.363959	78.250346	1.26E+01	1.80E-01	
1480	14.266919	78.374061	4.15E+00	5.91E-02	
1485	14.167824	78.46488	8.55E+00	1.22E-01	
1490	14.071289	78.571165	1.19E+01	1.70E-01	
1495	13.97779	78.65592	1.25E+01	1.77E-01	
1500	13.88305	78.782953	1.71E+01	2.43E-01	
1505	13.782638	78.881333	1.26E+01	1.79E-01	
1510	13.68306	78.960048	1.84E+01	2.63E-01	
1515	13.587447	79.061811	1.81E+01	2.58E-01	
1520	13.496703	79.142324	1.80E+01	2.57E-01	
1525	13.409813	79.241756	1.77E+01	2.51E-01	
1530	13.327182	79.304548	1.74E+01	2.48E-01	
1535	13.235728	79.433284	1.82E+01	2.59E-01	
1540	13.139594	79.509559	1.81E+01	2.57E-01	
1545	13.05628	79.592357	1.89E+01	2.69E-01	
1550	12.968991	79.68199	1.84E+01	2.62E-01	
1555	12.882714	79.780472	1.83E+01	2.60E-01	
1560	12.804274	79.875145	1.81E+01	2.58E-01	
1565	12.717194	79.943627	1.82E+01	2.60E-01	
1570	12.635549	80.05247	1.65E+01	2.35E-01	
1575	12.560271	80.115426	1.64E+01	2.33E-01	
1580	12.481966	80.195038	1.67E+01	2.38E-01	
1585	12.395355	80.258934	1.77E+01	2.51E-01	
1590	12.314911	80.323828	1.65E+01	2.35E-01	
1595	12.240522	80.407527	1.76E+01	2.51E-01	
1600	12.165072	80.45361	1.62E+01	2.31E-01	
1605	12.083711	80.492277	1.62E+01	2.30E-01	
1610	12.001358	80.606436	1.49E+01	2.11E-01	
1615	11.924926	80.69494	1.64E+01	2.34E-01	
1620	11.857043	80.761761	1.60E+01	2.28E-01	
1625	11.775637	80.826786	1.62E+01	2.31E-01	
1630	11.701027	80.874047	1.61E+01	2.30E-01	
1635	11.628119	80.935187	1.60E+01	2.27E-01	
1640	11.554238	80.97002	1.47E+01	2.09E-01	
1645	11.486889	81.080463	1.49E+01	2.12E-01	
1650	11.418314	81.16717	1.54E+01	2.19E-01	
1655	11.349741	81.221974	1.52E+01	2.16E-01	
1660	11.270627	81.301554	1.53E+01	2.17E-01	
1665	11.202883	81.386314	1.45E+01	2.06E-01	
1670	11.136585	81.396933	1.52E+01	2.16E-01	
1675	11.06521	81.457975	1.46E+01	2.08E-01	
1680	11.006781	81.532008	1.41E+01	2.00E-01	
1685	10.93703	81.60568	1.46E+01	2.08E-01	
1690	10.871284	81.647069	1.40E+01	2.00E-01	
1695	10.803212	81.695864	1.43E+01	2.04E-01	
1700	10.733153	81.818905	1.37E+01	1.95E-01	
1705	10.669144	81.853131	1.35E+01	1.93E-01	
1710	10.603409	81.926465	1.29E+01	1.83E-01	
1715	10.550268	81.972641	1.30E+01	1.85E-01	
1720	10.487568	82.063111	1.28E+01	1.82E-01	
1725	10.417536	82.158631	1.22E+01	1.74E-01	
1730	10.361137	82.222942	1.19E+01	1.70E-01	
1735	10.298787	82.301141	1.11E+01	1.58E-01	
1740	10.233773	82.357501	1.15E+01	1.64E-01	
1745	10.17423	82.406131	1.06E+01	1.51E-01	
1750	10.116489	82.454538	1.14E+01	1.62E-01	
1755	10.056427	82.494057	1.05E+01	1.49E-01	
1760	10.000164	82.547287	1.10E+01	1.56E-01	
1765	9.939923	82.614375	9.11E+00	1.30E-01	
1770	9.882071	82.704361	9.71E+00	1.38E-01	
1775	9.82766	82.757446	7.88E+00	1.12E-01	
1780	9.765147	82.77981	6.89E+00	9.81E-02	
1785	9.70843	82.815278	5.28E+00	7.52E-02	
1790	9.663801	82.906336	6.10E+00	8.68E-02	
1795	9.608507	82.984778	3.22E+00	4.59E-02	
1800	9.562177	83.016553	2.19E+00	3.11E-02	
1805	9.510888	83.113667	1.02E+00	1.45E-02	
1810	9.463104	83.175594	6.66E-01	9.48E-03	
1815	9.405571	83.185364	2.25E-01	3.21E-03	
1820	9.354905	83.213879	6.78E-02	9.66E-04	
1825	9.305216	83.259255	8.75E-02	1.25E-03	
1830	9.247785	83.342138	3.57E-04	5.09E-06	
1835	9.185934	83.403268	4.41E-04	6.28E-06	
1840	9.128386	83.383862	4.31E-06	6.13E-08	
1845	9.066753	83.400489	4.31E-04	6.13E-06	
1850	9.018013	83.490583	2.06E-04	2.93E-06	
1855	8.982785	83.543467	1.95E-05	2.78E-07	
1860	8.941016	83.576078	7.67E-04	1.09E-05	
1865	8.898592	83.628489	1.17E-03	1.66E-05	
1870	8.836934	83.599843	1.84E-08	2.61E-10	
1875	8.766678	83.596506	3.11E-08	4.43E-10	
1880	8.718275	83.664118	5.35E-03	7.61E-05	
1885	8.67083	83.80905	3.03E-03	4.31E-05	
1890	8.651017	83.852638	1.54E-02	2.20E-04	
1895	8.602956	83.870875	8.95E-03	1.27E-04	
1900	8.554143	83.928608	5.96E-05	8.49E-07	
1905	8.509055	83.933203	3.92E-05	5.58E-07	
1910	8.456676	84.024758	1.60E-03	2.27E-05	
1915	8.407844	84.01671	1.38E-03	1.97E-05	
1920	8.369663	84.021689	3.12E-02	4.45E-04	
1925	8.323038	84.103879	6.48E-02	9.23E-04	
1930	8.292379	84.133811	3.83E-02	5.45E-04	
1935	8.250788	84.137525	2.49E-01	3.54E-03	
1940	8.191802	84.193362	2.27E-01	3.24E-03	
1945	8.144352	84.287824	7.52E-01	1.07E-02	
1950	8.100341	84.3196	1.16E+00	1.65E-02	
1955	8.063319	84.370107	6.94E-01	9.89E-03	
1960	8.016535	84.424336	1.51E+00	2.16E-02	
1965	7.979336	84.469821	1.97E+00	2.81E-02	
1970	7.944812	84.545423	3.38E+00	4.81E-02	
1975	7.908478	84.594892	4.69E+00	6.67E-02	
1980	7.872086	84.585759	5.21E+00	7.42E-02	
1985	7.828609	84.674144	5.73E+00	8.16E-02	
1990	7.785863	84.769023	5.91E+00	8.41E-02	
1995	7.750066	84.840135	5.60E+00	7.98E-02	
2000	7.656828	84.896044	2.63E+00	3.75E-02	
2005	7.609115	84.842538	1.04E+00	1.47E-02	
2010	7.584166	84.907786	2.74E+00	3.91E-02	
2015	7.539664	85.025886	1.84E+00	2.62E-02	
2020	7.530088	85.054929	3.11E+00	4.42E-02	
2025	7.454184	85.065816	5.11E+00	7.28E-02	
2030	7.416907	85.095462	5.86E+00	8.35E-02	
2035	7.390908	85.188329	6.66E+00	9.48E-02	
2040	7.346209	85.277391	6.20E+00	8.83E-02	
2045	7.340297	85.332759	6.30E+00	8.96E-02	
2050	7.29253	85.375946	4.70E+00	6.69E-02	
2055	7.241095	85.354197	3.80E+00	5.41E-02	
2060	7.171017	85.330144	4.79E+00	6.82E-02	
2065	7.122681	85.412312	4.28E+00	6.10E-02	
2070	7.125009	85.448768	4.55E+00	6.47E-02	
2075	7.125524	85.468701	5.36E+00	7.63E-02	
2080	7.046911	85.474445	6.01E+00	8.55E-02	
2085	7.03028	85.532264	5.89E+00	8.38E-02	
2090	7.017799	85.49199	6.17E+00	8.78E-02	
2095	6.985803	85.466319	6.21E+00	8.84E-02	
2100	6.934777	85.55304	5.96E+00	8.49E-02	
2105	6.917458	85.537274	6.45E+00	9.18E-02	
2110	6.847454	85.495512	6.20E+00	8.83E-02	
2115	6.832009	85.60319	6.34E+00	9.03E-02	
2120	6.810629	85.662916	6.06E+00	8.63E-02	
2125	6.726845	85.627981	6.13E+00	8.73E-02	
2130	6.747937	85.67481	6.21E+00	8.84E-02	
2135	6.734269	85.643161	6.23E+00	8.87E-02	
2140	6.670359	85.716765	6.28E+00	8.94E-02	
2145	6.621506	85.821147	6.19E+00	8.81E-02	
2150	6.587685	85.834781	5.86E+00	8.34E-02	
2155	6.565306	85.762925	5.87E+00	8.36E-02	
2160	6.480016	85.807997	5.82E+00	8.29E-02	
2165	6.46744	85.87196	5.28E+00	7.52E-02	
2170	6.444892	85.921405	5.67E+00	8.08E-02	
2175	6.399245	85.974869	5.57E+00	7.93E-02	
2180	6.366151	86.003742	5.66E+00	8.06E-02	
2185	6.326509	86.136319	5.16E+00	7.35E-02	
2190	6.292818	86.076796	5.47E+00	7.79E-02	
2195	6.249437	86.152603	5.47E+00	7.78E-02	
2200	6.243547	86.070078	4.93E+00	7.02E-02	
2205	6.238642	86.253425	5.12E+00	7.29E-02	
2210	6.178553	86.170777	5.49E+00	7.82E-02	
2215	6.134768	86.205887	5.28E+00	7.52E-02	
2220	6.091748	86.159091	5.38E+00	7.66E-02	
2225	6.068957	86.290929	5.23E+00	7.44E-02	
2230	6.045315	86.117057	5.25E+00	7.47E-02	
2235	6.027807	86.186381	5.15E+00	7.33E-02	
2240	6.031888	86.404276	5.07E+00	7.21E-02	
2245	6.002892	86.419318	4.91E+00	6.99E-02	
2250	5.970369	86.324839	4.99E+00	7.10E-02	
2255	5.940932	86.430759	4.70E+00	6.69E-02	
2260	5.948336	86.534889	4.65E+00	6.61E-02	
2265	5.910142	86.379231	4.73E+00	6.74E-02	
2270	5.889956	86.534675	4.50E+00	6.41E-02	
2275	5.872552	86.590087	4.45E+00	6.33E-02	
2280	5.82558	86.845994	4.60E+00	6.56E-02	
2285	5.814483	86.460132	4.38E+00	6.24E-02	
2290	5.799686	86.446198	4.39E+00	6.25E-02	
2295	5.784447	86.71799	4.26E+00	6.06E-02	
2300	5.72756	86.541905	4.09E+00	5.82E-02	
2305	5.726799	86.883486	4.11E+00	5.85E-02	
2310	5.711906	86.773312	4.44E+00	6.32E-02	
2315	5.691907	87.040197	4.04E+00	5.75E-02	
2320	5.686247	86.817263	3.62E+00	5.15E-02	
2325	5.627579	87.094754	3.91E+00	5.56E-02	
2330	5.560191	87.07999	3.95E+00	5.62E-02	
2335	5.563081	86.902559	4.03E+00	5.74E-02	
2340	5.544365	87.119601	3.19E+00	4.54E-02	
2345	5.544787	86.895238	3.57E+00	5.09E-02	
2350	5.451065	87.277285	2.89E+00	4.11E-02	
2355	5.471406	87.042817	3.30E+00	4.70E-02	
2360	5.445852	87.205522	3.49E+00	4.97E-02	
2365	5.440331	86.98985	3.44E+00	4.89E-02	
2370	5.441757	86.990146	2.14E+00	3.05E-02	
2375	5.320043	87.128271	3.07E+00	4.37E-02	
2380	5.348602	86.968381	2.96E+00	4.21E-02	
2385	5.295802	87.214357	2.14E+00	3.05E-02	
2390	5.353034	86.854518	2.58E+00	3.67E-02	
2395	5.281375	87.075904	2.82E+00	4.02E-02	
2400	5.204102	87.108549	3.07E+00	4.37E-02	
2405	5.235743	86.938116	2.34E+00	3.33E-02	
2410	5.219731	87.360787	2.35E+00	3.35E-02	
2415	5.17398	87.057955	1.90E+00	2.71E-02	
2420	5.103064	87.079539	1.85E+00	2.64E-02	
2425	5.09456	87.474053	2.30E+00	3.28E-02	
2430	5.089256	86.97371	3.14E+00	4.47E-02	
2435	5.064116	87.301032	1.04E+00	1.48E-02	
2440	5.049925	87.279529	3.01E+00	4.29E-02	
2445	5.005583	87.32537	1.45E+00	2.07E-02	
2450	4.974101	87.493015	9.50E-01	1.35E-02	
2455	4.979706	86.97324	1.73E+00	2.47E-02	
2460	4.946198	87.326825	2.33E+00	3.32E-02	
2465	4.862326	87.673001	1.69E+00	2.40E-02	
2470	4.890685	87.773501	1.17E+00	1.66E-02	
2475	4.845475	87.059881	1.15E+00	1.64E-02	
2480	4.834029	87.307481	5.62E-01	8.00E-03	
2485	4.827993	87.862719	3.92E-01	5.58E-03	
2490	4.801194	87.31287	2.46E-01	3.50E-03	
2495	4.797431	87.69752	2.01E-01	2.86E-03	
2500	4.731206	87.326319	4.94E-01	7.03E-03	
