SCC Double Stack - Ag 10nm - AlN 103.3nm - Ag 15.4nm - AlN 60nm			
	Reflectance	Transmittance	
300	17.663292	17.089856	1
305	16.972387	23.179171	2
310	17.861696	30.079987	3
315	20.862013	35.795036	4
320	25.618583	39.46263	5
325	31.036137	40.729882	6
330	35.609892	40.331298	7
335	38.316796	39.129381	8
340	39.518684	37.964653	9
345	39.688006	37.148744	10
350	39.219934	36.65342	11
355	38.259648	36.396807	12
360	36.943431	36.472009	13
365	35.390832	36.745357	14
370	33.721321	37.298438	15
375	31.962048	38.016839	16
380	30.203918	38.899026	17
385	28.478445	39.992656	18
390	26.860059	41.193826	19
395	25.321706	42.516813	20
400	23.849599	43.992698	21
405	22.435112	45.53531	22
410	21.087281	47.153566	23
415	19.780907	48.89308	24
420	18.560799	50.724565	25
425	17.394576	52.527886	26
430	16.298307	54.456796	27
435	15.28695	56.362529	28
440	14.366998	58.24027	29
445	13.524996	60.217874	30
450	12.761693	62.211631	31
455	12.076909	63.753364	32
460	11.501183	65.328801	33
465	11.006443	66.816398	34
470	10.588262	68.334923	35
475	10.243113	69.527734	36
480	10.013506	70.425245	37
485	9.743621	71.263622	38
490	9.535464	72.103768	39
495	9.383365	72.571101	40
500	9.259765	73.062721	41
505	9.162093	73.643824	42
510	9.068384	73.935934	43
515	8.977707	73.933359	44
520	8.880924	74.020683	45
525	8.77425	74.007056	46
530	8.651801	73.936898	47
535	8.5079	73.762378	48
540	8.346197	73.651162	49
545	8.161456	73.388129	50
550	7.954162	73.127302	51
555	7.731388	72.931136	52
560	7.484349	72.744721	53
565	7.22929	72.373798	54
570	6.971852	72.121332	55
575	6.713738	71.55933	56
580	6.462809	71.266753	57
585	6.220967	70.800466	58
590	6.002794	70.346957	59
595	5.812394	69.940933	60
600	5.661441	69.58718	61
605	5.560404	68.905731	62
610	5.514025	68.342675	63
615	5.535914	67.741302	64
620	5.633626	67.157802	65
625	5.812838	66.228633	66
630	6.080926	65.61443	67
635	6.447629	64.751463	68
640	6.920636	63.879603	69
645	7.501947	63.074827	70
650	8.189814	61.972404	71
655	8.995326	60.926563	72
660	9.909675	59.811007	73
665	10.935179	58.663186	74
670	12.07014	57.404664	75
675	13.308091	55.99137	76
680	14.648453	54.697446	77
685	16.089367	53.323332	78
690	17.604585	52.000184	79
695	19.188211	50.408297	80
700	20.84673	49.059363	81
705	22.555557	47.494321	82
710	24.316178	46.066799	83
715	26.109414	44.562529	84
720	27.925201	43.068966	85
725	29.774635	41.592428	86
730	31.626325	40.097226	87
735	33.473246	38.624965	88
740	35.306837	37.28714	89
745	37.153404	35.87491	90
750	38.95405	34.481944	91
755	40.72116	33.199204	92
760	42.464327	31.85029	93
765	44.190622	30.585536	94
770	45.894837	29.448439	95
775	47.532575	28.272278	96
780	49.140161	27.104549	97
785	50.688499	26.079169	98
790	52.193221	25.024202	99
795	53.672555	24.035834	100
800	55.058051	23.060994	101
805	56.401097	22.107519	102
810	57.725488	21.200145	103
815	59.027095	20.396604	104
820	60.218681	19.599096	105
825	61.366224	18.855961	106
830	62.531556	18.074688	107
835	63.652639	17.394782	108
840	64.652189	16.735338	109
845	65.694027	16.103155	110
850	66.629536	15.443939	111
855	67.599867	14.87878	112
860	68.48603	14.353274	113
865	69.356644	13.808209	114
870	70.204751	13.300176	115
875	70.993313	12.853834	116
880	71.735973	12.363504	117
885	72.485291	11.885045	118
890	73.170388	11.455277	119
895	73.849109	11.054347	120
900	74.51989	10.877932	121
905	75.237364	10.492832	122
910	75.904214	10.130181	123
915	76.405941	9.799221	124
920	76.936985	9.468379	125
925	77.49115	9.149433	126
930	78.071195	8.841841	127
935	78.555439	8.558652	128
940	79.019842	8.289297	129
945	79.510326	8.023789	130
950	80.025291	7.765752	131
955	80.486033	7.524519	132
960	80.85201	7.294928	133
965	81.268356	7.078584	134
970	81.670777	6.865307	135
975	82.081891	6.661858	136
980	82.426629	6.470074	137
985	82.770763	6.27832	138
990	83.103722	6.095921	139
995	83.399959	5.927584	140
1000	83.723921	5.765026	141
1005	84.020454	5.601923	142
1010	84.345024	5.446334	143
1015	84.645069	5.300563	144
1020	84.928723	5.159901	145
1025	85.193368	5.020379	146
1030	85.42439	4.891781	147
1035	85.666554	4.762596	148
1040	85.889289	4.640241	149
1045	86.142245	4.522577	150
1050	86.341215	4.409205	151
1055	86.574748	4.297126	152
1060	86.772134	4.194481	153
1065	86.990325	4.092875	154
1070	87.19252	3.99178	155
1075	87.400632	3.895148	156
1080	87.573068	3.803563	157
1085	87.739298	3.716679	158
1090	87.937989	3.631066	159
1095	88.091771	3.547688	160
1100	88.287428	3.471844	161
1105	88.410131	3.393373	162
1110	88.603329	3.316191	163
1115	88.765391	3.241677	164
1120	88.862198	3.172369	165
1125	89.036974	3.107701	166
1130	89.198063	3.041809	167
1135	89.355532	2.975661	168
1140	89.470501	2.912526	169
1145	89.617974	2.852576	170
1150	89.726841	2.795862	171
1155	89.842638	2.73746	172
1160	89.941961	2.68118	173
1165	90.103628	2.628939	174
1170	90.183877	2.577745	175
1175	90.298712	2.526208	176
1180	90.392051	2.477118	177
1185	90.459408	2.431067	178
1190	90.418525	2.385915	179
1195	90.507209	2.340366	180
1200	90.581671	2.296845	181
1205	90.708741	2.255104	182
1210	90.786103	2.213378	183
1215	90.8613	2.173283	184
1220	90.978826	2.134881	185
1225	91.055719	2.095086	186
1230	91.146566	2.057273	187
1235	91.222629	2.021964	188
1240	91.323443	1.987204	189
1245	91.410934	1.953595	190
1250	91.497988	1.920899	191
1255	91.528402	1.886658	192
1260	91.591142	1.856236	193
1265	91.664793	1.826678	194
1270	91.750538	1.795345	195
1275	91.818322	1.765995	196
1280	91.874546	1.737239	197
1285	91.966682	1.708727	198
1290	92.032428	1.681847	199
1295	92.110174	1.656115	200
1300	92.142265	1.630184	201
1305	92.161032	1.604613	202
1310	92.229441	1.579141	203
1315	92.285031	1.554857	204
1320	92.345562	1.531777	205
1325	92.38527	1.508173	206
1330	92.4466	1.485975	207
1335	92.511142	1.465692	208
1340	92.550159	1.44334	209
1345	92.624619	1.421652	210
1350	92.675672	1.402536	211
1355	92.678739	1.382821	212
1360	92.703736	1.362382	213
1365	92.76821	1.342074	214
1370	92.778069	1.322904	215
1375	92.859352	1.303469	216
1380	92.892986	1.284204	217
1385	92.971285	1.265786	218
1390	93.008511	1.247923	219
1395	93.080515	1.230776	220
1400	93.104665	1.213547	221
1405	93.152898	1.196441	222
1410	93.195785	1.179531	223
1415	93.198673	1.164042	224
1420	93.264404	1.148944	225
1425	93.308555	1.133928	226
1430	93.29887	1.119527	227
1435	93.323437	1.105115	228
1440	93.383912	1.091552	229
1445	93.408762	1.07828	230
1450	93.473531	1.065814	231
1455	93.508153	1.052333	232
1460	93.503665	1.038797	233
1465	93.537775	1.026749	234
1470	93.525675	1.015691	235
1475	93.606051	1.003954	236
1480	93.648108	0.991611	237
1485	93.679411	0.97878	238
1490	93.665007	0.967371	239
1495	93.733238	0.956648	240
1500	93.763482	0.945824	241
1505	93.771956	0.935134	242
1510	93.810891	0.923807	243
1515	93.833898	0.913988	244
1520	93.857448	0.904326	245
1525	93.903882	0.892464	246
1530	93.922925	0.882005	247
1535	93.929422	0.872743	248
1540	93.971578	0.862887	249
1545	94.04127	0.852219	250
1550	94.035678	0.843458	251
1555	94.078011	0.834542	252
1560	94.127799	0.825692	253
1565	94.136091	0.816338	254
1570	94.102579	0.80759	255
1575	94.134655	0.799678	256
1580	94.161631	0.791671	257
1585	94.18665	0.783885	258
1590	94.167924	0.775066	259
1595	94.194294	0.766703	260
1600	94.214236	0.758605	261
1605	94.271579	0.750784	262
1610	94.27683	0.743246	263
1615	94.26833	0.735669	264
1620	94.301382	0.728126	265
1625	94.317224	0.72122	266
1630	94.409353	0.714748	267
1635	94.409774	0.7064	268
1640	94.423113	0.700358	269
1645	94.446922	0.693185	270
1650	94.413034	0.685309	271
1655	94.399379	0.679393	272
1660	94.467915	0.673849	273
1665	94.39291	0.66623	274
1670	94.397305	0.659567	275
1675	94.442184	0.652547	276
1680	94.434925	0.647075	277
1685	94.430013	0.641212	278
1690	94.470233	0.635041	279
1695	94.501982	0.629242	280
1700	94.535131	0.62441	281
1705	94.533143	0.617604	282
1710	94.542235	0.611739	283
1715	94.566362	0.606697	284
1720	94.645395	0.602024	285
1725	94.666376	0.59603	286
1730	94.701187	0.590649	287
1735	94.68047	0.584425	288
1740	94.729411	0.579753	289
1745	94.744013	0.574326	290
1750	94.750659	0.570621	291
1755	94.77889	0.564582	292
1760	94.780223	0.559967	293
1765	94.765453	0.555669	294
1770	94.768763	0.550963	295
1775	94.802505	0.545182	296
1780	94.826587	0.541613	297
1785	94.848801	0.535553	298
1790	94.792685	0.531392	299
1795	94.771232	0.528835	300
1800	94.81317	0.523885	301
1805	94.810678	0.519603	302
1810	94.80095	0.514925	303
1815	94.844601	0.509067	304
1820	94.832617	0.506852	305
1825	94.823708	0.501881	306
1830	94.826255	0.499004	307
1835	94.853264	0.493258	308
1840	94.930198	0.489752	309
1845	94.926274	0.486109	310
1850	94.87435	0.481969	311
1855	94.899042	0.481056	312
1860	94.956924	0.476773	313
1865	94.939628	0.472279	314
1870	94.917816	0.467309	315
1875	94.948307	0.461816	316
1880	95.002195	0.460593	317
1885	94.997283	0.459616	318
1890	94.955495	0.45359	319
1895	95.017754	0.448893	320
1900	95.005688	0.447455	321
1905	94.977544	0.442788	322
1910	95.02268	0.445218	323
1915	95.044862	0.436936	324
1920	95.078817	0.435298	325
1925	95.008126	0.427653	326
1930	94.934207	0.430401	327
1935	94.956834	0.426724	328
1940	94.990115	0.421795	329
1945	94.9788	0.416204	330
1950	94.967124	0.416076	331
1955	94.976161	0.415518	332
1960	95.000189	0.410845	333
1965	94.990269	0.40656	334
1970	95.002448	0.402481	335
1975	95.046447	0.40245	336
1980	95.028699	0.398084	337
1985	95.027017	0.393603	338
1990	95.076445	0.392927	339
1995	95.105933	0.389116	340
2000	95.094136	0.420797	341
2005	95.159029	0.399943	342
2010	95.191946	0.392336	343
2015	95.24895	0.396998	344
2020	95.320651	0.40267	345
2025	95.260368	0.391413	346
2030	95.255816	0.377146	347
2035	95.335985	0.386551	348
2040	95.359448	0.386991	349
2045	95.415629	0.3745	350
2050	95.404892	0.369313	351
2055	95.314771	0.368869	352
2060	95.404744	0.356716	353
2065	95.399256	0.347425	354
2070	95.387797	0.372956	355
2075	95.423313	0.379823	356
2080	95.427197	0.360048	357
2085	95.361994	0.354447	358
2090	95.290815	0.355761	359
2095	95.32718	0.364423	360
2100	95.3389	0.376554	361
2105	95.300684	0.371218	362
2110	95.142242	0.366728	363
2115	95.188483	0.347381	364
2120	95.21342	0.351394	365
2125	95.27248	0.330928	366
2130	95.115538	0.322705	367
2135	95.287833	0.325956	368
2140	95.231029	0.32863	369
2145	95.274158	0.326104	370
2150	95.318838	0.343547	371
2155	95.284818	0.341429	372
2160	95.186697	0.326616	373
2165	95.390164	0.315551	374
2170	95.404962	0.316992	375
2175	95.382089	0.311514	376
2180	95.320133	0.338684	377
2185	95.404829	0.318229	378
2190	95.399331	0.307683	379
2195	95.290717	0.325364	380
2200	95.284245	0.316781	381
2205	95.333198	0.325209	382
2210	95.486406	0.306251	383
2215	95.137314	0.32084	384
2220	95.154604	0.314953	385
2225	95.089985	0.28234	386
2230	95.140965	0.302002	387
2235	95.053714	0.296808	388
2240	95.411124	0.314928	389
2245	95.409573	0.305191	390
2250	95.342881	0.307347	391
2255	95.221804	0.294615	392
2260	95.15273	0.300531	393
2265	95.116316	0.301775	394
2270	95.358577	0.316785	395
2275	95.319098	0.300731	396
2280	95.284148	0.291598	397
2285	95.169797	0.28064	398
2290	95.549712	0.282746	399
2295	95.90414	0.29398	400
2300	95.56189	0.281683	401
2305	95.655998	0.287228	402
2310	95.670091	0.276191	403
2315	95.475989	0.274625	404
2320	95.698205	0.282823	405
2325	95.642018	0.277923	406
2330	95.546412	0.272439	407
2335	95.422616	0.279004	408
2340	95.210213	0.27106	409
2345	95.615476	0.268273	410
2350	95.595147	0.272418	411
2355	95.525814	0.292707	412
2360	95.428501	0.276606	413
2365	95.42369	0.281872	414
2370	95.385522	0.261629	415
2375	95.326632	0.247555	416
2380	95.485135	0.268553	417
2385	95.815141	0.272863	418
2390	95.281632	0.266832	419
2395	95.742872	0.272091	420
2400	95.899686	0.252383	421
2405	95.523681	0.236599	422
2410	95.486207	0.228571	423
2415	95.703001	0.26087	424
2420	94.962664	0.247499	425
2425	95.452842	0.246293	426
2430	95.138782	0.262399	427
2435	95.771806	0.270813	428
2440	95.403619	0.263355	429
2445	95.844757	0.259581	430
2450	96.177656	0.254115	431
2455	95.587602	0.258606	432
2460	95.314749	0.24251	433
2465	95.671008	0.246655	434
2470	95.659734	0.240502	435
2475	95.483783	0.237871	436
2480	95.623177	0.245289	437
2485	95.540749	0.242747	438
2490	95.715133	0.256968	439
2495	95.818499	0.244189	440
2500	95.39119	0.229103	1
